SELiberiaFiles/population.txt
ncols         284
nrows         259
xllcorner     -9.741109753912
yllcorner     4.350000000048
cellsize      0.0083333333333299
NODATA_value  -9999
[rows 64 to 127 of 259, columns 0 to 95 of 284]
-9999 -9999 -9999 -9999 -9999 -9999 -9999 -9999 -9999 3 25 126 135 1 8 35 8 8 2 2 1 1 135 6 8 4 2 2 2 20 48 2 6 2 9 9 8 11 2 1 1 1 10 1 2 2 2 2 1 1 6 1 1 2 0 0 0 0 1 6 0 1 0 0 0 0 1 1 1 0 0 5 5 1 0 6 14 1 0 -9999 -9999 -9999 -9999 -9999 -9999 -9999 -9999 -9999 -9999 -9999 -9999 -9999 -9999 -9999 -9999 -9999
-9999 -9999 -9999 -9999 -9999 -9999 -9999 -9999 -9999 3 22 7 1 5 5 8 5 65 9 1 126 2 9 1 0 0 1 0 2 2 7 63 11 146 9 1 2 12 135 2 0 0 1 1 2 2 2 1 0 1 1 105 1 1 0 1 0 3 1 0 2 1 1 0 0 0 0 2 2 0 5 0 0 4 4 1 6 21 0 1 -9999 -9999 -9999 -9999 -9999 -9999 -9999 -9999 -9999 -9999 -9999 -9999 -9999 -9999 -9999 -9999
-9999 -9999 -9999 -9999 -9999 -9999 -9999 -9999 -9999 2 14 41 18 24 24 7 147 9 1 1 5 1 1 7 8 8 1 2 0 2 0 25 8 9 8 1 11 9 102 1 1 0 0 1 2 2 1 1 1 0 1 1 1 0 0 1 1 3 5 1 0 0 0 1 0 1 0 25 10 1 0 2 1 25 5 7 1 34 17 0 1 -9999 -9999 -9999 -9999 -9999 -9999 -9999 -9999 -9999 -9999 -9999 -9999 -9999 -9999 -9999
-9999 -9999 -9999 -9999 -9999 -9999 -9999 -9999 4 1 10 16 2 5 0 24 1 0 4 1 8 71 79 311 71 63 65 15 0 1 0 0 16 1 9 9 11 11 2 1 1 0 1 1 1 1 0 0 1 1 1 0 1 3 1 0 0 1 0 2 11 1 0 1 0 2 1 1 2 1 2 1 2 1 1 1 1 1 1 1 0 1 -9999 -9999 -9999 -9999 -9999 -9999 -9999 -9999 -9999 -9999 -9999 -9999 -9999 -9999
-9999 -9999 -9999 -9999 -9999 -9999 -9999 -9999 20 10 13 117 2 3 50 22 7 57 41 57 11 2 11 113 56 2 2 2 1 0 1 24 4 1 1 2 1 1 1 1 1 1 1 1 2 1 1 1 0 0 2 1 27 4 1 0 0 0 0 1 1 2 0 2 1 4 4 2 1 2 1 1 2 2 1 1 1 2 2 1 0 5 -9999 -9999 -9999 -9999 -9999 -9999 -9999 -9999 -9999 -9999 -9999 -9999 -9999 -9999
-9999 -9999 -9999 -9999 -9999 -9999 -9999 -9999 10 14 13 24 24 21 18 27 5 65 8 7 5 0 1 1 1 2 1 2 1 8 2 1 11 2 1 11 1 2 2 1 1 1 1 1 2 1 0 1 1 1 2 1 1 6 0 0 5 2 1 4 7 7 4 1 7 2 106 1 1 1 0 1 1 1 1 0 1 4 1 0 0 -9999 -9999 -9999 -9999 -9999 -9999 -9999 -9999 -9999 -9999 -9999 -9999 -9999 -9999 -9999
-9999 -9999 -9999 -9999 -9999 -9999 -9999 15 14 18 140 22 41 41 18 24 22 323 5 6 153 8 1 1 5 1 8 1 1 2 1 1 149 1 73 5 11 1 10 1 1 1 1 2 5 1 1 1 1 1 1 1 106 1 1 0 0 0 1 105 4 0 4 1 7 6 7 2 2 2 0 1 2 1 1 1 0 4 0 -9999 -9999 -9999 -9999 -9999 -9999 -9999 -9999 -9999 -9999 -9999 -9999 -9999 -9999 -9999 -9999 -9999
-9999 -9999 -9999 -9999 -9999 -9999 -9999 14 14 26 114 22 33 6 3 20 114 41 6 5 57 6 1 2 2 0 0 0 1 2 11 1 1 23 7 1 71 2 9 2 1 1 3 2 2 1 1 2 1 1 0 0 2 7 1 1 2 2 1 0 1 4 1 33 0 5 0 2 2 2 1 0 2 1 2 1 0 7 1 0 -9999 -9999 -9999 -9999 -9999 -9999 -9999 -9999 -9999 -9999 -9999 -9999 -9999 -9999 -9999 -9999
-9999 -9999 -9999 -9999 -9999 -9999 -9999 3 21 26 22 26 6 7 4 16 12 20 24 3 1 5 5 16 2 3 1 0 3 1 1 3 1 1 2 2 11 146 11 2 2 2 3 3 2 1 1 1 0 0 0 0 1 6 2 7 106 1 0 1 0 3 3 0 0 0 1 1 1 1 1 1 1 1 2 0 0 3 7 0 -9999 -9999 -9999 -9999 -9999 -9999 -9999 -9999 -9999 -9999 -9999 -9999 -9999 -9999 -9999 -9999
-9999 -9999 -9999 -9999 -9999 -9999 -9999 17 29 25 24 22 27 369 4 22 10 12 12 6 6 7 8 35 7 3 5 1 1 7 1 11 1 11 155 3 3 11 11 11 2 2 2 2 2 1 2 1 0 0 1 1 2 1 0 2 6 2 1 1 0 1 5 1 2 1 1 2 2 1 0 1 1 21 1 1 0 0 3 3 7 -9999 -9999 -9999 -9999 -9999 -9999 -9999 -9999 -9999 -9999 -9999 -9999 -9999 -9999 -9999
-9999 -9999 -9999 -9999 -9999 -9999 -9999 24 29 252 25 27 41 6 6 20 16 26 26 25 57 11 6 5 7 33 43 1 1 7 11 11 2 10 3 2 11 0 9 1 11 3 153 2 2 1 1 1 1 1 0 1 7 57 1 1 1 2 1 2 1 0 0 1 6 2 1 1 1 1 0 2 6 7 106 0 0 1 0 7 1 0 -9999 -9999 -9999 -9999 -9999 -9999 -9999 -9999 -9999 -9999 -9999 -9999 -9999 -9999
-9999 -9999 -9999 -9999 -9999 -9999 -9999 22 33 7 5 5 3 6 26 10 209 43 33 43 11 31 255 20 114 56 20 8 7 8 6 1 2 62 17 2 17 17 6 7 7 1 11 11 1 2 2 7 4 1 2 2 100 2 2 3 6 6 1 1 2 3 0 1 0 2 1 1 1 1 1 0 1 2 1 1 0 0 0 0 1 0 -9999 -9999 -9999 -9999 -9999 -9999 -9999 -9999 -9999 -9999 -9999 -9999 -9999 -9999
-9999 -9999 -9999 -9999 -9999 -9999 -9999 26 21 13 9 13 2 0 3 126 3 11 6 9 16 9 16 16 1 6 6 7 7 0 1 4 21 37 17 6 17 21 21 106 21 31 1 1 1 1 2 106 7 2 1 2 2 1 0 0 2 2 1 1 1 2 0 0 0 1 2 0 0 1 2 1 1 7 7 1 0 1 0 4 1 0 -9999 -9999 -9999 -9999 -9999 -9999 -9999 -9999 -9999 -9999 -9999 -9999 -9999 -9999
-9999 -9999 -9999 -9999 -9999 -9999 -9999 8 43 19 20 20 18 16 9 11 10 11 22 39 24 33 2 16 20 1 1 1 117 20 1 0 16 1 21 7 7 57 21 17 4 1 1 0 0 0 0 1 1 2 1 1 0 0 0 0 1 4 2 2 2 1 1 0 1 1 7 2 1 1 2 2 1 7 2 5 1 1 4 4 0 -9999 -9999 -9999 -9999 -9999 -9999 -9999 -9999 -9999 -9999 -9999 -9999 -9999 -9999 -9999
-9999 -9999 -9999 -9999 -9999 -9999 -9999 7 114 20 19 26 18 11 11 1 10 26 22 16 16 10 41 7 3 18 5 31 20 6 13 1 0 3 1 2 17 107 1 1 2 0 0 0 0 1 0 1 1 0 1 0 0 0 1 1 5 7 7 2 7 106 2 6 1 6 6 2 6 7 1 0 1 2 1 2 0 0 1 4 -9999 -9999 -9999 -9999 -9999 -9999 -9999 -9999 -9999 -9999 -9999 -9999 -9999 -9999 -9999 -9999
-9999 -9999 -9999 -9999 -9999 -9999 -9999 3 16 16 16 22 4 10 90 9 11 24 24 21 13 24 41 238 4 14 2 18 2 5 2 1 1 19 37 1 1 2 4 0 1 0 0 0 1 0 0 1 0 1 0 0 0 0 0 0 1 2 106 4 4 4 7 7 1 1 7 0 0 0 1 7 1 1 0 0 1 2 4 1 -9999 -9999 -9999 -9999 -9999 -9999 -9999 -9999 -9999 -9999 -9999 -9999 -9999 -9999 -9999 -9999
-9999 -9999 -9999 -9999 -9999 -9999 -9999 22 14 7 1 22 27 114 11 0 0 0 24 49 31 31 1 18 18 24 0 0 0 0 7 0 1 7 106 17 14 7 1 2 1 1 0 1 0 1 3 2 1 0 0 0 0 0 0 0 4 6 7 7 41 6 2 1 1 1 1 106 7 17 3 0 1 2 0 4 5 8 1 1 -9999 -9999 -9999 -9999 -9999 -9999 -9999 -9999 -9999 -9999 -9999 -9999 -9999 -9999 -9999 -9999
-9999 -9999 -9999 -9999 -9999 -9999 -9999 27 18 2 16 24 24 31 1 1 0 0 4 24 0 1 6 6 24 2 1 2 0 0 0 2 1 1 0 5 0 1 2 1 2 1 0 0 0 1 1 1 0 1 0 0 1 0 0 0 0 1 2 1 1 6 6 1 6 2 7 110 57 2 1 1 1 1 1 0 4 5 5 1 -9999 -9999 -9999 -9999 -9999 -9999 -9999 -9999 -9999 -9999 -9999 -9999 -9999 -9999 -9999 -9999
-9999 -9999 -9999 -9999 -9999 -9999 -9999 116 22 8 18 4 26 22 1 2 2 3 3 26 27 207 49 6 0 0 2 0 0 2 0 1 0 21 1 0 0 0 2 2 3 1 0 2 0 0 0 0 2 2 1 3 2 1 1 0 0 1 4 1 1 6 7 7 105 2 7 7 1 1 2 2 1 1 6 7 8 6 122 1 1 0 1 1 -9999 -9999 -9999 -9999 -9999 -9999 -9999 -9999 -9999 -9999 -9999 -9999
-9999 -9999 -9999 -9999 -9999 -9999 -9999 24 27 24 26 24 27 22 2 0 2 1 2 24 26 24 4 6 2 1 0 0 0 1 1 1 2 0 0 0 1 0 0 0 1 0 1 2 1 1 1 2 0 0 0 0 0 0 1 1 1 1 58 129 1 2 6 7 49 2 1 1 5 1 7 1 1 1 3 6 3 3 6 0 0 0 0 0 0 0 0 0 -9999 -9999 -9999 -9999 -9999 -9999 -9999 -9999
-9999 -9999 -9999 -9999 -9999 -9999 22 27 26 24 26 26 22 3 2 1 1 0 2 3 24 24 18 10 1 0 0 0 0 1 2 2 1 0 1 1 0 0 0 1 0 0 1 1 0 2 1 1 1 2 0 0 1 1 0 3 3 1 0 0 0 1 5 6 1 1 1 0 0 1 0 1 0 3 17 3 2 2 1 2 0 1 0 0 0 0 0 0 0 0 0 0 -9999 -9999 -9999 -9999
-9999 -9999 -9999 -9999 -9999 -9999 26 27 225 1 26 27 22 22 2 6 12 2 6 19 12 13 14 14 10 2 0 0 0 1 7 1 1 1 0 0 1 1 1 2 1 2 1 0 1 1 1 0 0 0 0 0 1 0 1 2 7 3 4 0 25 1 5 6 6 1 3 1 1 1 0 0 1 5 19 5 2 3 2 2 1 3 3 0 0 1 0 0 4 4 0 0 4 0 4 0
-9999 -9999 -9999 -9999 -9999 -9999 21 26 26 3 24 24 209 26 18 24 20 16 16 27 20 14 8 1 0 0 0 10 0 1 1 1 1 0 0 2 0 0 0 0 0 1 0 2 1 0 0 0 0 1 2 1 0 0 1 0 0 3 2 19 3 1 1 110 51 1 4 1 1 1 0 0 3 3 3 3 1 5 2 2 2 2 3 12 2 0 0 0 0 0 0 0 4 0 0 0
-9999 -9999 -9999 -9999 -9999 -9999 22 22 16 14 22 27 116 27 27 24 22 20 27 26 22 1 1 8 0 0 0 0 0 1 1 1 2 0 1 0 0 0 0 1 0 2 2 0 0 2 2 1 1 0 1 1 1 0 0 0 0 0 10 2 2 1 51 4 4 0 0 0 1 1 2 4 3 3 3 3 1 2 3 3 3 3 3 3 9 1 0 0 0 0 0 0 0 0 0 0
-9999 -9999 -9999 -9999 -9999 -9999 22 18 13 7 22 27 26 22 22 27 26 27 155 18 21 6 2 0 0 0 0 0 3 6 1 1 0 1 0 0 2 2 1 1 0 0 1 1 2 3 0 2 1 0 0 1 0 0 0 0 0 0 3 3 107 5 6 6 1 1 1 1 1 6 7 11 1 3 3 2 3 5 1 2 2 2 9 8 1 2 3 0 0 0 0 0 0 0 0 0
-9999 -9999 -9999 -9999 -9999 -9999 29 17 16 3 9 19 26 16 14 16 16 14 18 7 16 8 10 8 0 0 0 2 4 6 7 1 0 1 1 8 3 0 3 0 0 0 2 1 0 2 2 2 2 2 1 2 0 0 1 0 2 0 3 3 0 0 0 4 3 0 0 1 1 13 14 3 3 1 3 2 3 1 2 2 2 2 1 1 8 1 0 0 0 0 0 0 0 0 0 0
-9999 -9999 -9999 -9999 -9999 22 8 5 7 1 20 19 26 16 10 10 117 10 18 27 22 18 2 0 0 0 0 4 23 21 2 21 16 2 0 8 2 0 2 1 1 1 0 0 0 2 2 2 2 2 2 0 0 0 0 0 0 3 3 1 1 0 0 1 1 0 0 0 0 11 12 0 1 3 2 3 5 3 2 12 9 1 2 12 2 2 0 1 0 0 0 0 0 0 0 0
-9999 -9999 -9999 -9999 -9999 2 46 5 7 4 22 207 27 18 10 10 10 13 3 24 27 24 3 3 0 2 2 14 7 106 0 3 3 4 12 1 2 0 2 0 1 1 0 1 1 1 2 5 0 0 0 1 1 1 0 1 0 2 1 0 0 0 0 1 0 0 1 0 4 7 2 1 1 1 2 3 2 3 1 1 2 2 2 14 2 14 2 1 0 0 0 0 0 0 0 0
-9999 -9999 -9999 -9999 -9999 6 7 1 31 3 26 116 24 24 18 5 4 2 18 3 20 3 27 0 1 3 7 11 165 19 0 19 107 0 2 2 11 0 1 1 1 2 1 2 2 0 0 0 1 0 1 0 1 0 0 0 3 2 0 1 1 2 3 3 0 0 0 1 5 7 2 1 1 1 3 2 2 3 2 2 2 2 3 2 3 3 2 0 1 0 0 0 0 0 0 0
-9999 -9999 -9999 -9999 -9999 6 3 12 31 0 26 24 49 41 49 6 3 2 10 16 3 19 4 4 23 19 0 16 3 25 27 25 144 6 2 2 2 0 0 0 0 0 0 2 2 0 1 0 0 1 0 1 0 1 0 3 2 1 0 1 0 3 16 3 1 0 0 0 1 6 2 1 1 1 1 2 2 1 3 2 1 2 1 2 20 3 2 0 1 1 0 0 0 0 0 0
-9999 -9999 -9999 -9999 -9999 20 23 1 26 1 41 33 1 7 7 6 33 10 1 10 14 18 41 6 5 0 1 1 41 25 21 19 7 19 2 6 2 2 1 2 1 1 0 0 0 0 2 1 0 1 0 1 1 0 1 3 0 1 2 0 0 0 0 0 0 0 0 1 1 7 7 3 1 1 1 1 3 1 1 1 3 1 2 14 29 3 1 2 2 1 25 25 25 3 2 1
-9999 -9999 -9999 -9999 1 1 5 7 1 49 3 0 0 6 117 3 5 2 16 18 22 3 19 57 6 4 6 22 27 7 2 2 2 2 1 1 0 0 1 1 2 2 0 0 1 1 0 2 0 0 2 0 1 1 0 3 0 1 3 10 1 0 0 11 0 1 0 1 1 1 13 6 1 1 1 1 3 3 3 1 3 1 3 20 3 3 0 2 0 0 3 3 0 0 0 0
-9999 -9999 -9999 -9999 2 2 7 6 117 3 20 6 5 1 74 26 4 19 19 37 4 117 4 4 4 16 2 3 31 2 41 2 2 1 2 2 1 2 2 0 2 0 0 3 2 1 2 0 0 0 0 1 1 0 0 3 1 2 0 1 1 0 1 0 1 3 5 1 2 256 15 10 1 1 1 1 1 5 5 2 3 3 1 3 5 2 1 0 2 0 0 0 0 0 0 0
-9999 -9999 -9999 -9999 0 2 1 2 6 22 31 20 20 3 73 124 603 27 26 26 3 230 21 16 12 12 4 6 7 1 0 0 2 1 2 2 2 2 2 3 1 0 0 1 0 0 6 0 1 1 0 0 1 0 2 3 3 0 0 0 1 1 0 4 3 5 6 7 13 110 4 2 1 1 1 1 1 1 3 3 3 1 11 3 5 5 2 0 1 3 25 25 0 2 25 3
-9999 -9999 -9999 -9999 1 26 1 7 6 56 10 20 0 11 84 112 6 84 112 73 581 22 25 19 12 12 5 6 7 106 0 1 1 1 2 1 0 0 1 1 0 0 2 2 0 1 0 8 0 1 1 0 0 0 0 3 0 0 0 0 1 0 3 5 6 1 7 7 3 4 18 2 1 1 4 1 2 1 5 3 3 3 5 3 1 3 1 1 2 25 0 0 0 1 0 0
-9999 -9999 -9999 -9999 3 6 4 7 6 101 67 17 84 67 1467 11 45 29 10 127 74 0 0 3 3 5 2 3 7 4 0 3 1 2 11 7 2 1 0 0 0 0 1 0 0 0 1 0 0 0 0 0 0 0 8 16 3 0 0 0 0 4 15 1 1 1 7 2 2 2 4 2 2 1 1 1 1 3 5 1 3 2 5 19 2 2 0 0 2 3 1 0 0 0 3 25
-9999 -9999 -9999 5 41 7 1 8 6 173 17 14 3 11 119 17 4 52 50 50 56 14 5 1 0 0 2 14 37 4 11 2 1 1 1 1 0 1 0 0 1 1 0 2 2 1 0 0 2 0 1 1 1 0 1 3 3 0 1 5 5 6 2 1 1 1 1 2 3 3 2 1 2 1 2 1 3 3 1 3 3 1 1 19 19 0 3 0 1 2 0 1 0 0 0 2
-9999 -9999 -9999 41 8 26 8 7 5 17 20 20 20 20 369 17 17 3 20 20 45 10 3 0 0 12 4 6 58 4 16 8 2 1 1 0 1 1 1 1 1 1 0 2 0 2 0 1 0 0 0 0 0 0 2 16 5 5 4 5 1 1 1 2 1 1 1 2 2 3 2 2 1 1 2 1 2 3 2 1 12 2 1 2 3 2 0 0 0 0 3 1 2 0 0 0
-9999 -9999 -9999 23 107 8 2 5 6 4 4 3 4 20 124 17 17 20 20 20 17 10 3 0 2 8 16 58 110 6 5 2 8 1 1 1 0 0 0 3 0 1 0 1 0 2 2 0 0 1 1 11 1 1 2 2 20 1 1 1 1 1 1 2 2 1 1 3 4 2 2 2 1 1 1 1 1 2 3 3 1 3 3 3 5 2 2 0 0 0 1 0 2 2 0 1
-9999 -9999 -9999 1 8 65 2 3 3 3 0 17 3 50 106 101 154 20 20 4 3 14 6 1 1 6 1 6 7 5 10 8 3 1 0 0 1 0 0 0 0 1 0 0 0 2 2 0 0 0 6 0 1 0 5 1 4 3 1 2 1 0 1 1 1 1 0 1 3 2 1 0 1 1 1 1 2 3 3 3 3 5 3 3 3 2 0 2 0 2 2 2 0 2 0 2
-9999 -9999 1 1 1 8 5 10 0 14 0 14 1 134 7 20 124 25 3 56 3 17 4 3 3 0 1 7 6 1 0 1 3 0 0 0 0 0 0 0 0 0 1 0 0 0 1 1 1 2 5 0 2 5 7 1 1 1 1 1 1 1 1 1 1 1 0 1 2 1 1 1 0 1 1 1 5 5 1 5 5 2 3 3 1 0 0 2 2 1 1 0 1 1 2 0
-9999 -9999 8 7 5 6 15 1 17 1 14 34 50 106 56 56 56 17 0 0 20 46 46 5 0 0 1 1 1 1 1 0 3 3 1 1 0 2 1 1 0 1 1 0 0 1 1 0 2 1 3 10 7 1 1 0 4 2 5 2 1 1 1 1 1 1 1 2 2 2 2 0 0 2 1 1 1 3 3 3 1 3 3 5 1 2 0 0 2 1 0 2 2 2 2 1
-9999 -9999 107 7 1 4 134 173 20 17 4 84 101 151 101 50 56 1 0 0 17 101 46 3 4 3 2 0 0 0 0 3 3 0 0 0 0 3 0 1 0 1 0 1 0 0 0 1 2 26 8 22 27 1 1 1 0 1 5 2 1 1 2 1 1 1 1 2 2 1 1 1 1 2 1 2 1 1 3 3 1 3 5 5 2 0 2 1 2 1 0 1 2 2 1 0
-9999 2 66 6 11 20 3 4 11 11 20 4 4 161 3 117 84 34 4 4 4 0 4 92 3 1 4 1 1 3 1 1 3 1 1 0 0 1 0 1 1 0 0 0 1 11 2 6 6 6 7 7 2 1 1 1 2 2 2 1 2 1 1 1 1 1 1 2 3 107 2 2 1 1 2 1 1 1 3 1 1 3 2 3 3 2 0 2 1 2 2 0 1 1 2 0
-9999 6 3 11 20 4 4 3 17 124 158 11 11 127 101 17 20 10 46 5 17 77 415 3 3 1 77 1 3 3 3 1 3 0 1 0 1 1 0 0 1 0 0 0 0 0 3 15 7 1 1 1 2 1 1 1 1 1 1 1 1 1 7 1 2 2 1 3 2 3 1 1 1 0 1 1 1 0 5 5 3 2 3 5 3 0 0 0 2 0 1 0 1 1 0 2
3 7 14 17 169 4 1 3 17 3 20 3 84 84 0 3 3 1 0 0 82 3 3 92 3 4 92 1 4 1 1 0 1 1 0 1 0 0 0 0 0 0 0 1 2 10 31 1 1 1 1 1 2 1 1 2 1 1 1 1 1 1 1 1 0 1 1 1 1 1 1 1 0 0 0 0 0 3 3 5 5 3 5 2 1 0 1 1 2 2 2 1 1 2 0 0
4 10 17 20 3 3 4 1 20 20 17 173 4 1 3 29 0 1 1 1 15 3 3 15 3 1 3 1 4 0 1 0 1 0 0 0 1 0 1 0 2 2 1 1 4 5 7 1 1 1 1 1 2 1 2 2 1 1 1 2 2 1 2 1 0 1 1 51 42 1 1 1 0 0 0 2 2 1 1 1 1 3 5 9 3 0 0 0 2 0 0 0 0 0 2 0
14 13 3 14 17 3 3 3 4 4 3 0 3 50 45 39 56 77 0 92 944 3 4 3 3 4 3 88 74 2 2 1 1 0 0 1 0 0 0 1 0 1 24 19 22 34 7 7 2 1 1 9 1 1 2 1 1 1 1 1 0 1 2 2 1 0 1 1 1 1 1 0 1 5 0 14 3 16 14 1 1 2 2 1 3 2 25 0 2 0 0 0 0 0 6 1
-9999 -9999 0 3 3 14 3 3 3 3 4 84 56 50 452 45 25 92 3 123 4 3 3 4 4 6 5 15 3 0 1 1 0 0 1 0 1 0 0 10 0 10 8 4 247 7 7 7 2 5 5 3 1 1 2 1 3 4 1 1 9 1 1 1 0 0 1 2 1 1 1 0 2 1 2 3 3 3 2 22 2 2 5 3 2 1 2 1 1 0 0 0 2 2 6 6
-9999 -9999 169 3 3 0 3 1 3 3 10 14 45 11 123 10 28 77 4 4 3 3 3 141 4 29 4 3 3 1 7 5 0 0 0 0 1 10 0 4 6 2 1 29 32 49 1 1 1 3 4 2 1 1 1 1 4 0 1 1 1 1 1 0 2 0 22 8 8 1 0 1 1 3 3 5 3 5 3 5 11 12 3 3 1 0 0 2 2 1 0 0 0 0 2 3
-9999 -9999 -9999 6 14 14 17 4 4 3 0 3 28 7 6 4 8 0 77 3 3 4 106 3 15 13 3 4 3 3 1 0 1 0 1 0 2 7 6 5 5 4 49 5 27 17 1 1 5 3 1 1 1 1 1 1 9 1 1 1 1 1 3 10 3 2 4 6 2 1 1 1 1 1 3 6 3 1 5 12 14 3 2 1 2 1 0 1 2 1 0 0 2 3 6 0
-9999 -9999 -9999 -9999 -9999 4 14 4 20 3 3 3 1 10 39 7 4 0 77 4 46 77 18 18 4 18 124 15 145 1 1 1 0 1 3 3 1 4 6 46 9 2 1 1 1 2 3 6 4 7 5 1 2 1 1 2 1 1 1 0 3 10 10 10 3 4 1 1 8 1 1 0 1 2 1 3 3 3 3 5 3 5 2 1 3 3 0 2 0 2 0 0 0 0 3 3
-9999 -9999 -9999 -9999 -9999 -9999 -9999 0 3 0 4 3 0 20 18 0 24 3 18 15 3 51 708 4 4 0 15 17 15 0 0 0 2 2 3 5 6 106 109 69 7 7 6 1 1 1 1 1 5 5 1 1 1 0 0 1 1 1 1 1 1 2 10 17 1 7 1 8 8 7 2 1 1 12 3 2 3 3 5 1 9 1 1 0 3 1 0 0 0 0 0 0 3 0 0 1
-9999 -9999 -9999 -9999 -9999 -9999 -9999 -9999 39 14 0 3 1 20 145 121 3 4 155 4 13 3 3 3 0 3 18 14 1 1 3 3 4 1 1 2 9 7 7 7 1 13 3 0 1 1 1 1 5 4 1 1 1 0 1 1 1 1 1 3 3 1 5 1 1 8 8 10 7 5 0 1 0 1 2 3 3 3 3 3 2 2 1 0 0 0 2 3 0 1 0 2 2 2 3 2
-9999 -9999 -9999 -9999 -9999 -9999 -9999 -9999 -9999 151 14 3 3 3 3 3 1 3 3 13 3 3 3 4 3 4 4 9 6 5 3 1 1 2 1 2 9 7 7 1 1 9 1 1 1 1 1 1 0 4 7 1 1 3 2 1 1 1 1 3 3 6 8 7 8 8 132 8 2 7 1 1 1 3 3 3 5 1 1 5 1 2 3 0 0 0 0 0 0 0 0 2 2 0 1 0
-9999 -9999 -9999 -9999 -9999 -9999 -9999 -9999 -9999 -9999 3 7 0 0 3 4 1 4 1 1 0 159 3 0 3 18 3 6 9 5 4 1 114 7 2 7 9 9 1 1 1 1 1 1 0 1 0 1 1 3 5 4 5 5 2 3 3 10 3 3 21 8 8 120 1 117 8 8 7 8 8 1 3 3 3 5 3 2 11 29 5 0 0 0 0 2 1 0 1 1 1 1 25 0 1 3
-9999 -9999 -9999 -9999 -9999 -9999 -9999 -9999 -9999 -9999 -9999 -9999 7 0 1 9 13 1 1 3 3 27 3 4 4 0 5 8 6 7 1 1 67 1 7 6 9 9 1 0 1 1 1 1 1 1 0 1 2 7 4 9 4 1 3 3 2 17 3 19 132 8 8 117 10 119 7 6 7 7 1 1 19 19 17 2 3 16 23 16 3 1 0 25 25 2 0 1 0 0 1 3 0 0 1 0
-9999 -9999 -9999 -9999 -9999 -9999 -9999 -9999 -9999 -9999 -9999 -9999 -9999 3 5 13 9 13 5 15 26 15 6 4 3 6 7 7 9 1 1 1 2 1 3 1 2 1 1 1 1 1 1 1 1 1 3 1 6 5 5 4 3 12 2 0 4 1 3 7 8 8 8 1 1 8 7 3 1 8 7 7 26 3 19 19 3 3 5 3 0 1 1 3 0 1 0 1 0 0 1 3 0 0 1 2
-9999 -9999 -9999 -9999 -9999 -9999 -9999 -9999 -9999 -9999 -9999 -9999 -9999 -9999 -9999 15 15 12 5 1 19 10 0 9 15 12 1 2 1 2 2 1 1 1 1 7 1 1 1 1 0 1 1 1 1 1 1 0 1 16 50 12 5 2 4 3 1 1 1 0 4 8 5 119 52 8 13 2 1 1 8 132 6 2 19 17 19 1 1 3 0 1 2 3 0 3 3 3 3 3 3 1 0 0 0 0
-9999 -9999 -9999 -9999 -9999 -9999 -9999 -9999 -9999 -9999 -9999 -9999 -9999 -9999 -9999 -9999 -9999 44 140 0 10 1 3 4 1 8 1 1 2 2 109 2 1 2 2 1 109 1 1 0 0 1 0 1 0 1 0 3 1 3 3 8 12 2 1 0 1 1 1 0 3 3 21 27 3 1 4 23 1 0 1 1 2 5 5 2 17 19 11 23 2 3 6 3 8 8 2 2 1 2 2 0 3 1 0 2
-9999 -9999 -9999 -9999 -9999 -9999 -9999 -9999 -9999 -9999 -9999 -9999 -9999 -9999 -9999 -9999 -9999 -9999 121 14 0 4 60 114 2 2 1 2 0 2 2 76 2 1 1 2 9 1 457 8 0 1 0 3 3 0 3 3 0 0 1 7 12 5 1 0 1 1 0 1 3 23 12 18 4 23 23 3 3 1 1 1 3 3 1 2 17 14 5 0 2 12 25 6 76 98 8 23 2 2 12 2 9 1 8 8
-9999 -9999 -9999 -9999 -9999 -9999 -9999 -9999 -9999 -9999 -9999 -9999 -9999 -9999 -9999 -9999 -9999 -9999 -9999 692 5 1 0 5 1 2 1 1 2 109 1 2 67 1 2 1 1 9 1 1 3 3 3 4 4 1 4 7 1 4 11 12 4 1 1 1 0 0 0 4 3 5 2 12 1 1 1 0 2 2 1 0 0 3 3 23 1 1 0 0 3 25 2 2 0 1 2 2 2 1 1 1 12 3 8 76
-9999 -9999 -9999 -9999 -9999 -9999 -9999 -9999 -9999 -9999 -9999 -9999 -9999 -9999 -9999 -9999 -9999 -9999 -9999 27 1 0 3 1 4 3 3 0 2 109 2 1 109 1 6 4 1 3 3 4 4 1 4 3 3 1 5 5 1 4 4 1 1 1 1 0 1 0 1 2 0 1 21 22 1 0 0 1 0 4 2 2 4 8 1 2 3 12 3 3 1 1 0 0 0 2 0 1 25 19 3 0 6 3 5 6
-9999 -9999 -9999 -9999 -9999 -9999 -9999 -9999 -9999 -9999 -9999 -9999 -9999 -9999 -9999 -9999 -9999 -9999 0 -9999 4 1 3 1 1 3 4 3 3 17 20 1 1 1 1 1 1 4 4 3 1 5 4 5 5 4 1 1 1 1 1 5 3 3 1 1 1 2 3 0 1 1 3 3 1 0 0 5 0 1 0 3 1 2 14 11 11 25 0 3 25 0 0 2 2 0 31 31 8 2 25 3 9 31 3 6
