SELiberiaFiles/population.txt
ncols         284
nrows         259
xllcorner     -9.741109753912
yllcorner     4.350000000048
cellsize      0.0083333333333299
NODATA_value  -9999
[rows 128 to 191 of 259, columns 96 to 191 of 284]
8 179 2 0 1 1 1 1 1 1 5 19 19 19 19 5 3 0 1 0 1 1 1 2 3 109 0 0 0 0 0 0 2 2 3 6 2 5 1 39 1 1 3 3 1 5 1 58 196 3 1 0 1 0 5 5 5 4 1 0 0 0 0 0 1 1 0 0 0 0 0 0 0 0 0 0 0 0 0 0 0 0 0 1 0 0 1 0 0 0 1 0 0 1 1 15
12 21 8 8 3 3 1 1 0 19 5 0 1 19 14 11 0 0 1 2 8 10 10 0 4 0 0 1 1 0 0 0 0 2 2 4 4 4 0 0 39 1 3 1 0 4 3 77 5 4 1 8 0 5 4 4 4 4 5 8 6 0 0 0 0 1 0 0 1 0 0 0 0 0 0 0 0 0 0 0 0 0 0 0 0 0 0 0 0 0 0 0 0 1 3 1
3 12 12 8 1 0 1 0 1 1 8 42 1 9 25 8 0 0 1 25 13 108 33 0 1 0 0 0 2 2 2 2 19 0 3 3 5 5 4 4 1 0 4 6 0 0 0 1 1 4 5 4 6 5 6 4 5 6 4 5 0 0 0 0 0 0 0 0 0 0 0 1 0 0 0 0 0 0 0 0 0 0 0 0 0 0 3 5 0 1 1 0 0 3 3 1
3 12 15 26 21 1 1 0 0 1 0 5 6 9 9 0 0 0 2 3 3 0 0 0 0 0 0 2 3 0 2 19 0 0 0 0 0 4 4 4 4 4 5 1 3 4 5 5 8 8 9 1 6 6 4 6 8 4 62 1 1 0 0 0 0 0 0 0 0 0 0 0 0 0 0 0 0 0 0 0 0 0 0 0 0 0 0 1 1 0 0 0 3 5 3 3
3 21 26 6 3 1 1 16 10 14 9 5 4 5 9 3 8 2 11 3 0 1 0 0 0 2 2 2 2 0 0 0 0 0 0 0 0 1 3 3 5 5 4 6 4 4 5 6 0 8 4 8 1 8 1 5 5 5 6 6 4 1 1 0 0 0 0 0 0 0 0 0 0 0 0 0 0 0 0 0 0 1 0 1 0 0 0 1 0 0 0 0 3 5 1 9
13 0 8 6 4 5 21 21 42 6 6 6 6 8 9 81 3 3 0 0 0 0 0 2 1 2 2 3 2 0 0 0 0 0 0 0 2 4 3 3 2 3 5 6 9 4 5 4 6 4 8 5 4 9 6 4 4 4 6 62 1 0 0 0 0 0 0 1 0 0 0 0 0 0 0 0 0 0 0 0 0 0 1 0 0 0 0 0 3 0 3 3 0 3 3 3
26 26 3 3 3 42 26 9 62 9 6 9 119 9 126 3 2 3 0 0 0 1 0 0 2 0 3 3 2 2 0 0 0 0 0 0 0 2 4 0 5 6 0 1 1 5 6 5 4 4 4 4 3 5 6 6 4 8 4 62 1 0 0 0 0 0 0 1 0 0 0 0 0 0 0 0 0 0 0 0 1 0 0 0 0 0 0 3 0 3 3 3 0 9 29 3
2 0 0 1 1 0 1 9 9 9 9 121 93 9 79 2 16 1 0 0 2 0 2 2 2 2 2 2 2 19 0 0 0 0 0 1 1 62 6 5 1 5 4 1 8 9 8 6 0 8 8 62 62 62 8 5 4 5 6 5 0 0 1 1 0 0 0 1 0 0 0 0 0 0 0 0 1 0 1 1 0 0 5 3 0 0 0 3 0 0 3 3 3 3 3 3
0 2 1 0 21 1 1 4 130 79 121 4 4 4 4 0 108 18 11 2 0 2 2 0 1 2 3 2 3 0 0 0 0 1 1 1 1 1 4 5 6 5 6 6 5 6 0 8 0 1 0 62 1 1 0 0 0 5 5 6 0 0 1 1 0 0 0 0 1 0 0 0 0 0 0 0 1 0 0 0 0 0 0 0 0 0 3 0 1 3 29 0 0 0 0 1
0 0 0 1 0 0 3 5 42 36 26 16 3 4 4 3 4 2 8 11 3 11 3 2 2 0 2 2 1 2 0 0 9 8 1 1 1 3 4 4 5 5 6 4 4 4 4 5 4 1 9 0 0 8 1 5 5 6 1 3 0 0 0 0 0 0 0 0 0 0 0 0 0 0 0 0 1 0 0 1 1 0 0 0 0 1 0 0 3 1 20 29 3 0 0 3
0 1 3 0 3 31 10 337 36 8 16 16 3 31 11 108 7 22 2 0 2 1 1 1 1 1 1 2 1 2 0 0 1 1 1 1 0 4 5 4 6 4 6 4 5 6 4 8 8 1 6 4 0 5 4 5 6 1 4 4 0 0 0 1 1 0 0 1 0 0 0 0 0 0 1 0 0 0 1 0 1 0 0 0 1 1 1 0 3 0 0 0 1 0 0 20
3 1 1 5 16 10 5 5 4 5 1 5 6 19 0 7 3 2 19 0 2 0 1 2 0 2 2 2 2 19 20 19 6 0 0 3 0 0 0 1 5 8 4 5 4 5 4 8 9 8 1 4 3 6 6 0 0 4 0 3 0 1 1 0 0 0 0 1 0 0 0 0 0 0 0 0 1 0 0 0 0 0 0 1 0 0 1 0 3 0 0 5 20 3 20 6
1 6 1 16 19 337 31 4 16 3 0 0 6 20 0 1 2 2 3 0 0 0 2 2 1 1 2 2 1 19 0 0 1 4 6 8 6 4 0 1 4 1 4 4 1 5 6 5 4 8 6 8 1 4 0 0 0 6 5 6 0 1 0 0 0 0 0 0 0 0 0 0 0 0 0 0 0 1 0 92 20 1 1 1 1 0 0 0 1 0 1 1 0 29 0 0
16 3 26 42 10 31 26 1 16 1 0 1 6 11 25 1 3 0 0 0 0 0 0 2 2 1 2 2 2 1 0 2 6 5 5 5 9 6 4 8 0 0 0 1 6 5 3 6 4 6 6 6 1 4 1 4 1 5 6 4 1 1 1 0 0 0 1 0 0 0 0 0 0 0 0 0 0 0 1 0 0 1 5 0 0 0 0 8 0 0 8 16 3 8 0 0
26 275 36 337 265 31 21 16 1 5 5 1 0 0 2 33 25 2 2 0 0 1 2 2 2 2 2 2 2 2 2 6 5 8 5 8 8 6 0 0 1 0 1 0 5 4 5 6 5 0 1 6 4 6 5 6 6 6 5 6 0 1 0 0 1 0 1 0 0 0 0 0 0 0 0 0 0 1 0 0 3 1 1 0 0 0 0 0 16 0 8 0 0 0 0 8
270 26 36 36 36 8 16 0 5 1 1 0 0 1 0 1 46 1 0 0 0 2 1 1 2 2 1 1 2 2 2 5 4 3 4 8 9 8 5 6 6 1 5 4 5 1 6 5 8 6 9 0 6 5 5 4 5 4 6 4 0 0 1 0 1 1 0 0 0 0 0 0 0 0 0 1 0 1 20 0 28 0 0 0 0 0 0 0 0 0 8 395 132 0 0 33
21 21 26 265 36 26 26 0 0 5 1 1 1 0 0 51 1 1 0 0 2 0 1 1 1 1 1 1 1 0 1 3 4 3 6 8 1 1 1 1 9 62 1 1 1 1 0 4 4 9 6 4 9 9 6 1 5 6 5 6 4 0 0 0 0 0 0 0 0 0 0 0 0 1 1 9 62 4 5 0 1 1 3 1 0 0 8 8 0 0 16 0 0 0 0 0
26 21 26 36 36 5 10 8 5 1 1 0 0 0 0 51 1 1 0 0 0 0 1 0 0 1 1 1 0 0 0 3 3 5 9 1 1 1 1 1 1 1 1 1 1 1 1 0 1 1 0 5 8 5 5 1 1 1 5 1 0 0 0 0 0 0 3 3 3 0 0 106 3 3 0 0 1 0 3 0 0 0 1 3 190 0 8 0 0 132 8 0 0 0 0 33
192 21 26 36 10 2 0 8 1 0 0 0 0 0 0 29 27 27 0 0 0 0 0 0 0 1 1 1 1 1 2 5 1 1 1 1 1 1 0 0 6 6 1 1 0 1 1 5 5 1 6 8 5 4 3 0 1 1 6 1 1 0 0 0 0 0 0 3 3 0 1 52 3 3 1 0 0 0 0 0 0 0 1 1 8 0 25 0 8 8 0 0 0 0 0 8
21 26 36 31 31 2 0 8 1 1 0 0 0 0 28 4 2 0 0 0 0 0 0 0 0 0 1 5 1 3 3 1 1 1 1 1 1 1 1 1 8 8 0 0 5 0 0 4 4 4 4 9 8 8 3 1 1 4 0 0 1 0 0 0 3 3 160 3 29 120 5 3 3 3 0 1 0 0 0 0 0 1 0 1 1 0 0 0 190 8 8 0 0 8 0 0
212 21 250 35 8 11 141 12 6 0 0 2 11 24 29 1 1 0 0 0 0 0 0 0 0 0 19 8 0 1 4 1 1 1 1 1 1 1 5 5 5 8 1 1 1 0 1 0 4 6 4 6 9 6 4 6 5 1 1 1 6 6 5 3 3 3 106 3 29 3 3 4 3 0 0 0 0 1 0 0 0 0 1 1 0 0 0 0 0 0 8 0 8 0 33 8
26 30 11 11 0 3 19 0 1 1 10 11 2 25 1 0 1 0 0 0 0 0 0 0 0 0 3 3 0 0 1 0 0 0 0 0 0 1 0 0 1 1 0 1 1 1 0 0 1 4 6 8 8 8 4 4 4 6 1 1 1 5 1 0 3 1 1 3 1 1 3 3 4 1 0 0 1 0 1 1 0 1 5 0 0 0 8 461 0 0 0 0 0 25 67 33
21 8 2 0 0 2 3 1 0 2 11 4 0 0 30 151 1 0 2 0 0 0 0 0 0 0 1 1 0 0 0 0 0 0 0 0 0 0 0 1 0 0 0 5 0 1 1 0 1 1 6 5 62 5 6 5 1 0 0 1 18 5 5 1 3 3 3 3 0 0 3 0 0 0 0 0 1 1 0 1 5 5 1 0 0 0 0 8 8 0 0 8 132 25 8 25
14 5 8 8 19 46 46 1 1 25 1 27 1 1 1 63 1 0 0 1 0 0 0 0 0 0 0 0 0 0 0 3 1 5 0 0 0 0 1 0 0 0 0 0 0 0 1 1 4 5 5 5 1 4 4 0 0 1 0 5 10 1 3 0 0 3 29 0 3 3 3 0 1 0 0 0 1 0 0 5 0 0 1 0 0 0 0 0 0 0 0 0 0 0 8 8
1 1 4 6 39 8 7 62 4 0 1 0 1 52 2 1 1 0 0 0 0 0 0 0 0 0 0 0 0 0 0 0 1 5 0 1 1 1 5 1 1 0 0 0 0 5 0 1 1 0 0 1 1 1 1 1 1 0 0 5 5 3 3 1 0 0 122 0 1 0 0 0 0 0 1 20 0 1 1 5 6 0 2 0 0 8 0 0 0 0 0 0 0 0 0 0
1 5 5 14 19 6 8 1 30 30 1 1 1 46 2 1 1 0 0 0 0 1 0 0 0 0 0 0 0 0 0 1 5 1 0 0 0 1 0 0 1 1 0 0 1 1 0 1 1 1 1 1 1 0 4 6 0 0 0 1 1 5 3 3 1 1 29 0 0 0 1 0 14 0 1 1 0 0 1 5 1 1 2 2 0 0 0 0 0 0 0 0 9 0 0 18
1 1 5 19 3 1 1 0 1 25 25 2 1 1 1 1 0 0 0 1 1 2 0 0 0 0 0 0 1 0 0 0 5 0 0 0 0 0 0 0 0 0 0 0 1 1 0 5 0 0 1 1 0 1 8 8 0 36 10 5 0 3 0 0 0 0 0 0 0 0 1 0 0 1 1 0 1 1 1 0 0 0 2 9 0 0 0 0 0 0 0 18 209 18 9 18
0 0 3 3 3 2 2 2 0 3 2 0 1 1 2 0 0 0 0 0 0 0 0 0 0 0 1 3 0 0 1 0 4 0 0 0 2 0 1 1 0 0 0 0 9 5 30 52 1 52 6 1 6 0 0 1 1 1 0 9 1 1 0 0 0 0 1 0 0 0 0 1 0 1 0 0 1 1 5 0 9 0 0 72 9 0 0 0 0 0 0 18 18 0 9 227
2 2 5 5 3 2 3 1 2 1 1 0 0 0 0 0 0 0 3 2 2 0 0 2 0 0 1 1 5 3 1 1 7 0 1 2 2 1 0 0 5 0 0 2 18 6 10 11 13 13 13 11 67 47 36 6 4 30 30 5 1 1 0 0 0 1 0 0 0 0 1 0 0 0 1 1 1 1 0 0 2 0 2 0 209 9 0 0 0 0 0 9 0 209 9 18
3 2 1 19 39 0 0 0 0 0 0 0 0 1 1 0 3 4 0 0 0 0 0 0 0 0 0 117 6 2 5 0 0 0 2 84 5 3 3 1 5 0 0 5 57 10 82 11 13 13 651 646 82 67 4 4 4 5 4 8 1 0 0 0 0 1 0 0 1 0 0 0 0 0 0 4 4 4 1 30 0 0 2 9 18 18 36 0 0 0 0 0 0 0 0 9
3 1 2 2 1 1 0 0 0 0 0 0 0 0 0 0 4 0 0 0 3 0 0 0 0 0 7 6 6 7 0 117 2 0 2 7 6 3 0 1 0 0 5 57 77 82 77 13 10 11 3 92 13 67 1 4 0 1 1 5 0 1 0 1 0 0 0 2 1 2 2 0 0 1 4 117 4 117 43 4 0 0 0 0 0 0 9 0 0 9 0 0 0 9 18 0
25 25 27 11 0 0 9 9 9 0 16 0 0 0 0 4 4 0 0 0 1 0 0 0 3 6 7 7 7 3 5 6 1 6 0 2 1 0 0 5 0 5 13 10 194 123 77 57 47 36 18 27 27 22 0 2 0 0 0 0 0 0 1 0 0 0 1 2 2 1 0 0 0 7 4 43 4 4 4 4 0 0 0 0 0 0 0 0 0 0 0 36 73 72 436 0
19 0 4 14 0 0 0 1 0 16 0 0 0 3 6 4 2 0 3 0 0 0 0 4 7 7 0 8 5 4 6 52 0 0 0 0 0 0 0 1 1 13 18 22 11 13 9 30 6 36 0 27 25 25 0 2 2 0 0 0 0 0 1 0 0 0 2 2 0 0 0 0 0 0 2 4 4 4 2 2 2 2 0 0 9 0 0 0 0 146 0 9 436 146 9 9
5 0 4 12 0 0 0 0 12 0 0 0 4 4 4 3 3 2 3 1 0 0 5 7 8 7 19 7 4 5 6 6 0 0 0 0 0 1 0 0 9 25 22 124 22 18 6 30 5 1 2 22 0 23 0 0 0 0 0 0 0 0 0 0 0 0 0 2 2 1 1 2 0 0 2 1 1 2 2 0 0 1 2 0 0 133 0 0 27 209 18 9 0 9 9 9
0 0 2 0 0 0 0 19 0 0 4 3 4 6 5 3 3 3 1 3 1 5 0 1 8 10 1 117 1 5 6 6 0 0 5 0 0 0 1 5 62 13 18 195 14 1 1 1 2 1 10 4 0 0 1 0 0 0 2 2 2 0 0 0 0 0 0 2 0 0 0 2 0 2 2 0 0 2 2 2 2 0 0 0 0 12 12 0 146 72 9 0 9 45 0 9
0 0 0 0 0 0 7 14 0 0 0 7 52 12 4 3 4 3 0 0 0 0 0 7 8 8 5 11 9 9 12 7 0 6 0 0 0 0 15 15 2 2 2 3 18 3 22 22 2 2 13 3 23 23 0 0 0 2 2 1 2 0 0 0 2 2 0 0 2 0 0 2 2 9 0 0 1 0 2 0 0 0 0 5 12 12 0 0 0 9 9 9 9 0 9 0
5 0 7 16 14 9 7 12 0 0 2 9 0 12 0 3 0 2 0 1 0 1 0 12 14 8 4 4 1 0 0 7 7 0 1 0 0 15 3 0 0 0 20 30 20 18 20 27 25 3 18 40 40 1 1 0 2 0 0 0 0 0 0 2 2 0 0 0 0 0 0 0 0 9 2 0 0 0 0 1 2 0 0 5 5 6 12 12 12 29 6 0 0 0 0 0
3 0 12 117 0 14 12 0 0 4 4 5 0 0 0 3 0 3 1 0 0 1 4 1 117 0 4 3 3 1 0 0 7 7 20 2 2 0 0 15 0 0 1 2 22 27 30 27 30 30 22 27 6 1 0 0 0 0 0 1 0 0 0 0 0 0 2 0 0 0 0 1 4 4 2 2 0 0 0 0 0 0 0 5 6 5 5 6 6 6 0 0 0 0 0 0
0 5 0 0 1 0 0 0 4 2 3 6 7 6 4 3 3 1 1 0 0 1 6 2 116 2 1 1 0 1 5 0 0 14 20 0 2 15 15 0 2 15 20 20 27 3 25 30 30 27 27 7 7 3 0 2 1 1 2 20 20 0 0 0 0 2 2 2 2 7 0 6 7 0 0 0 2 0 2 2 0 0 6 6 6 5 6 6 12 0 0 0 0 0 0 9
0 0 0 0 0 0 0 0 5 4 9 7 7 4 2 2 4 0 0 0 0 0 2 2 2 2 1 0 0 1 5 0 0 1 3 0 15 15 0 0 0 0 0 0 0 0 2 22 25 27 4 4 4 4 2 10 10 1 1 20 0 0 0 0 0 0 0 2 2 9 7 6 9 0 0 0 0 0 2 1 2 6 5 6 6 104 92 133 23 1 0 0 0 0 0 9
0 0 0 0 0 1 0 0 0 0 0 0 6 3 3 3 0 0 1 1 1 0 19 2 2 2 0 0 0 0 2 1 1 1 1 2 15 0 0 0 0 0 0 0 0 0 2 1 2 0 4 5 65 131 23 12 0 2 1 0 0 0 2 2 2 2 2 7 0 9 4 6 0 0 0 0 0 0 0 7 0 6 6 5 0 5 12 144 23 1 0 0 0 0 1 1
0 0 0 1 0 0 0 0 0 0 0 0 6 4 3 3 0 2 1 2 4 2 18 2 2 0 0 0 13 0 1 4 110 20 2 2 15 0 0 0 0 0 0 0 0 0 0 2 2 2 0 4 5 251 23 12 12 0 0 0 3 0 0 0 2 1 0 0 0 1 0 4 2 0 0 0 0 0 0 1 5 6 0 0 0 23 46 6 23 1 0 0 1 1 1 3
0 0 0 0 0 0 0 0 1 0 1 0 0 0 3 3 1 0 2 2 1 6 2 2 2 2 0 0 16 1 4 4 48 20 20 0 1 0 0 0 0 1 27 27 0 0 0 2 2 2 3 2 1 33 3 13 13 20 3 3 2 9 9 0 0 0 0 2 7 7 2 117 7 2 0 0 0 0 0 5 6 6 0 0 5 5 6 6 6 1 1 1 1 1 0 0
0 1 0 0 0 0 0 0 0 0 0 0 0 2 3 1 9 0 2 1 4 3 3 2 3 0 0 6 4 24 6 47 11 11 1 0 1 0 0 1 0 1 249 22 25 0 0 0 2 2 2 6 12 18 6 11 2 20 2 5 15 2 1 13 11 11 15 4 7 6 2 43 15 2 0 43 0 1 1 0 0 0 0 0 0 5 6 104 3 1 29 119 1 0 0 0
0 0 0 0 0 1 0 0 0 0 0 0 0 2 2 2 0 0 2 117 3 2 1 0 0 0 0 4 4 5 23 9 7 2 2 2 0 0 0 1 2 20 25 22 1 2 2 1 1 5 5 2 61 9 3 26 30 27 4 6 4 6 7 1 13 2 107 148 881 56 15 2 2 6 0 0 1 1 0 0 0 0 6 0 23 6 6 1 1 1 1 4 1 16 11 13
0 0 26 0 0 1 0 0 0 0 0 0 2 2 2 2 2 2 2 1 5 1 1 0 0 0 0 2 0 4 2 10 9 2 7 0 0 0 2 1 1 22 18 3 25 22 18 2 1 5 5 2 61 5 16 5 3 7 3 1 9 11 9 2 13 9 118 17 52 390 20 6 26 0 0 1 2 3 1 1 0 0 0 6 0 0 1 1 1 1 4 111 4 91 9 8
2 2 2 0 0 0 0 116 1 0 75 0 2 2 2 2 2 2 1 1 0 1 0 0 0 1 1 2 0 0 0 2 4 1 1 0 1 1 2 1 2 1 18 29 10 20 6 9 5 5 23 30 30 32 56 4 8 9 1 8 9 1 7 1 5 52 13 1 117 19 22 4 2 6 118 4 2 0 1 0 0 2 1 0 0 0 1 1 0 0 5 4 21 30 3 5
2 2 1 1 1 2 2 0 0 0 6 19 117 2 2 2 1 1 1 2 2 0 0 1 2 2 0 2 0 0 0 1 1 1 1 0 1 1 1 1 1 1 12 22 20 22 124 9 22 7 265 64 51 26 130 81 14 7 2 102 48 56 1 1 1 1 9 4 26 19 4 2 6 2 30 25 0 1 0 0 0 2 4 0 0 0 1 1 1 0 3 3 5 13 4 3
2 2 1 1 1 1 1 2 6 158 29 2 0 2 2 2 1 2 2 0 0 0 0 0 2 2 0 0 1 1 1 1 1 1 1 0 1 2 1 2 0 0 2 20 27 5 9 89 118 9 7 22 236 19 129 11 72 39 26 614 236 73 9 7 1 32 7 11 6 4 9 1 1 1 0 2 3 1 0 0 1 0 2 0 1 0 0 0 0 1 3 3 3 4 20 45
2 2 1 1 1 1 1 1 2 5 6 6 2 0 0 1 1 2 0 0 0 0 0 0 0 2 2 0 1 1 7 11 2 1 1 4 0 1 2 8 3 1 6 25 32 57 9 9 19 236 12 17 17 113 4 1 93 5 129 40 1 81 65 5 5 1 3 7 2 1 9 2 2 1 0 1 96 2 12 1 107 23 2 2 2 0 0 0 0 51 3 6 7 23 40 21
2 2 1 1 1 1 1 2 3 2 2 2 0 0 0 1 1 6 0 2 0 2 0 0 0 0 0 0 1 1 6 6 13 16 3 7 4 2 0 2 4 7 9 3 22 9 22 12 19 17 113 40 5 7 1 1 32 2 34 10 3 614 130 113 10 10 3 7 203 0 1 2 2 2 6 2 4 2 0 64 1 2 2 0 4 0 0 0 1 1 23 13 2 10 46 1
2 2 1 1 1 2 2 2 18 2 2 2 2 1 1 1 1 1 2 2 0 2 0 0 0 0 0 0 2 2 9 2 30 5 5 65 5 12 11 10 12 137 4 4 3 113 2 12 81 7 7 1 9 7 1 5 1 1 1 1 113 12 73 22 3 2 2 3 39 2 1 1 0 0 6 6 4 15 15 1 0 2 2 4 4 1 0 0 1 34 0 1 7 1 36 4
2 2 2 2 2 2 2 2 2 2 2 2 2 2 2 2 2 1 4 4 1 0 0 0 0 0 0 0 2 2 15 30 40 7 37 34 3 3 24 9 16 10 0 1 13 5 1 1 7 1 1 1 1 1 1 32 4 1 1 1 6 10 13 2 2 2 22 121 136 4 1 1 0 2 1 2 5 15 14 14 0 0 0 0 0 0 0 31 5 1 5 7 7 7 36 3
117 2 2 2 2 117 19 2 2 2 3 2 2 2 2 2 2 2 112 6 6 1 1 0 0 2 2 1 2 2 116 5 48 5 4 5 3 24 9 9 16 7 14 1 0 2 1 1 1 1 1 1 1 1 4 4 6 1 1 1 1 1 10 12 65 60 9 2 2 2 3 2 5 1 1 3 2 5 15 15 0 0 0 1 2 0 0 5 31 6 43 8 8 6 4 3
2 2 2 2 2 2 2 2 2 136 19 2 117 2 2 2 2 2 2 6 5 6 5 1 0 2 2 1 9 11 4 6 5 6 112 5 6 4 3 45 6 7 66 5 0 0 1 1 1 7 7 1 3 2 3 0 1 0 1 0 2 9 76 220 11 65 9 4 2 4 1 2 1 0 1 1 2 2 15 14 3 0 0 2 2 0 0 5 5 64 4 113 7 9 5 5
2 1 2 2 2 2 2 2 2 2 2 2 2 0 1 1 1 1 1 4 5 6 5 6 5 4 2 2 0 2 40 3 18 35 5 1 1 0 16 1 1 5 6 1 2 0 0 1 5 5 0 1 0 1 0 0 0 0 1 1 2 21 10 53 68 1 2 3 3 3 1 1 1 1 1 0 2 4 15 15 5 14 0 0 2 9 9 5 57 6 8 8 6 7 5 5
1 0 1 1 1 2 2 2 2 2 2 1 1 1 0 1 1 1 2 2 4 4 1 6 6 4 2 2 0 4 178 3 20 5 6 1 1 0 0 0 0 1 1 2 2 5 5 16 16 16 3 1 1 5 4 0 1 1 0 1 16 21 21 4 7 0 1 3 6 4 1 0 6 0 1 6 1 2 112 41 5 2 2 0 9 9 9 3 3 6 8 8 8 11 9 5
1 0 0 1 2 2 2 3 2 2 1 1 1 0 1 1 1 2 2 2 2 1 1 6 3 30 4 2 2 108 3 3 20 40 4 0 0 0 0 0 0 2 1 0 2 5 5 5 3 13 5 1 0 3 0 1 0 0 0 1 2 21 21 2 1 0 0 9 3 6 2 1 2 6 1 0 1 12 15 122 2 2 14 1 9 9 3 3 3 6 8 61 48 73 6 28
-9999 0 0 1 2 2 2 2 1 1 1 1 1 1 1 2 0 2 0 0 0 2 4 5 109 7 5 4 2 2 13 112 4 30 1 0 0 0 0 0 0 0 0 0 1 1 1 1 3 18 3 3 5 0 3 1 0 0 5 0 3 21 21 2 2 1 1 2 31 4 2 2 2 1 1 1 0 2 15 5 2 2 2 0 57 9 3 3 6 7 7 13 48 125 43 28
-9999 -9999 -9999 -9999 21 2 4 4 4 3 2 2 2 2 2 2 2 2 0 0 0 2 2 4 6 48 5 5 4 2 111 3 18 20 0 0 0 0 0 0 0 0 0 0 0 1 0 3 3 16 3 2 3 0 4 1 3 4 0 0 3 4 3 2 2 0 5 6 31 1 2 1 1 2 2 1 6 12 15 15 1 2 16 9 2 9 3 4 6 8 112 10 48 124 7 6
-9999 -9999 -9999 -9999 -9999 -9999 5 4 4 1 1 2 2 0 2 2 2 0 0 0 0 0 1 1 1 6 113 5 4 6 48 111 35 3 0 0 0 0 0 0 0 0 0 2 1 0 1 3 1 3 0 0 0 7 4 5 3 0 0 3 4 0 2 8 2 1 5 6 76 27 3 2 1 1 2 2 14 14 15 15 12 3 16 9 7 0 3 5 8 7 107 6 7 83 43 48
-9999 -9999 -9999 -9999 -9999 -9999 -9999 -9999 0 4 4 3 0 2 2 0 0 2 0 1 1 1 1 1 1 6 3 2 6 5 6 6 7 1 1 0 0 0 0 0 0 0 0 0 4 1 3 5 4 0 5 4 4 1 0 0 2 0 0 0 21 21 37 10 3 3 3 5 25 9 1 2 2 7 12 38 16 16 16 145 24 16 29 1 0 0 3 6 8 8 4 4 124 7 43 7
-9999 -9999 -9999 -9999 -9999 -9999 -9999 -9999 -9999 -9999 129 0 3 2 2 2 0 2 0 0 1 1 1 1 1 4 2 6 111 5 1 6 1 1 1 1 0 0 0 0 0 0 0 0 0 1 4 0 1 1 3 1 1 1 0 5 3 4 0 2 11 3 2 1 4 5 3 4 2 10 25 5 10 10 16 16 16 17 17 27 1 1 1 1 7 0 0 6 8 8 43 24 372 48 38 48
-9999 -9999 -9999 -9999 -9999 -9999 -9999 -9999 -9999 -9999 -9999 108 4 3 2 2 2 2 0 0 1 1 6 1 1 6 6 6 6 4 2 4 7 6 1 1 1 0 0 0 0 0 0 1 1 0 0 0 3 1 0 0 2 2 0 0 0 0 0 2 5 57 7 23 5 12 11 11 6 8 27 49 7 14 16 16 13 1 1 2 0 2 1 1 1 1 0 6 5 112 4 24 83 48 38 48
