MonroviaFiles/popd.txt
ncols         210
nrows         204
xllcorner     -10.883333
yllcorner     6.091667
cellsize      0.002778
NODATA_value  -9999
[rows 0 to 64 of 204, columns 96 to 191 of 210]
1 0 0 1 1 5 10 15 10 5 0 1 2 3 3 3 4 4 4 4 4 4 4 3 2 0 1 2 3 3 4 4 4 4 4 4 3 3 3 4 4 4 4 4 4 4 4 4 4 4 3 3 3 2 1 0 0 1 1 2 3 4 3 1 0 4 8 11 11 11 10 9 9 8 7 5 4 3 2 0 0 0 0 1 1 2 2 2 2 3 5 6 9 11 14 12
1 0 0 1 1 5 10 15 10 5 0 1 2 3 3 3 4 4 4 4 4 4 4 3 2 0 1 2 3 3 4 4 4 4 4 4 3 3 3 4 4 4 4 4 4 4 4 4 4 4 3 3 3 2 1 0 0 1 1 2 3 4 3 1 0 4 8 11 11 11 10 9 9 8 7 5 4 3 2 0 0 0 0 1 1 2 2 2 2 3 5 6 9 11 14 12
1 0 1 1 2 5 8 11 8 5 2 2 3 3 3 3 4 4 4 4 3 3 3 2 1 0 1 2 2 3 3 4 7 11 14 10 7 3 4 4 4 4 4 4 4 4 4 4 4 4 3 3 3 2 1 1 1 1 1 2 2 3 2 2 1 5 8 11 11 11 10 10 9 9 8 7 5 4 3 2 1 1 1 2 3 3 3 2 2 3 4 5 7 8 10 9
2 0 1 2 3 4 6 8 6 5 3 3 3 3 3 4 4 4 4 4 3 2 2 1 1 0 1 1 1 2 3 4 11 17 24 17 10 4 4 4 3 4 4 4 4 4 4 4 4 4 3 3 3 2 2 1 1 1 2 2 1 1 2 2 3 6 9 11 11 11 10 10 10 9 9 8 7 5 4 3 2 2 1 2 4 5 4 3 2 2 3 4 5 5 6 6
2 0 0 2 3 4 4 4 5 5 5 5 4 4 3 3 4 4 4 4 3 1 0 0 0 0 0 0 1 0 0 4 13 27 34 29 15 4 2 2 3 3 4 4 4 4 4 4 4 4 3 3 3 3 2 1 2 2 2 1 0 0 1 2 4 6 9 11 12 11 10 10 10 10 10 9 8 7 6 4 3 2 1 2 5 6 6 3 1 1 2 2 2 2 2 2
0 0 5 15 21 17 9 3 2 4 5 5 4 3 2 3 3 3 3 3 2 1 0 0 0 0 0 0 0 1 3 6 13 24 29 24 13 4 3 4 6 5 4 4 6 10 12 11 7 4 3 3 3 3 3 2 2 2 2 1 1 1 1 2 4 6 9 11 10 9 7 8 10 11 11 10 9 8 7 6 5 4 3 4 5 5 6 6 6 5 4 3 2 1 1 1
0 0 13 36 48 39 18 2 0 2 5 4 2 1 1 1 1 1 1 1 1 0 0 0 0 0 0 0 0 3 7 11 13 15 15 12 7 4 5 8 10 8 5 4 10 21 27 22 12 4 2 3 4 4 4 4 3 2 1 1 2 2 2 2 3 5 8 10 8 5 3 5 8 11 11 10 9 9 8 7 7 8 7 6 4 3 6 10 12 11 8 5 3 1 0 0
0 0 18 47 62 50 22 1 0 1 5 4 2 0 0 0 1 1 0 0 0 0 0 0 0 0 0 0 0 4 10 13 12 7 4 3 3 4 7 11 13 10 5 4 12 27 34 28 14 4 1 2 4 7 11 13 10 5 2 1 2 3 3 2 3 5 8 9 7 3 1 3 8 11 12 11 10 10 9 9 9 10 10 8 3 2 5 12 16 14 10 6 4 2 1 1
0 1 15 38 50 40 18 0 0 2 5 4 3 1 1 1 1 1 0 0 0 0 0 0 0 0 0 0 0 3 8 10 9 5 2 1 2 4 6 10 11 9 4 3 10 22 29 24 13 4 1 1 4 13 27 34 28 14 3 1 2 4 3 2 2 4 7 8 8 6 5 7 10 12 12 12 12 11 10 10 10 11 11 8 4 2 5 10 13 12 8 5 5 5 5 4
0 2 8 17 21 17 7 0 0 2 5 5 4 3 3 4 3 1 0 0 0 0 0 0 0 0 0 0 0 1 3 4 4 3 3 3 3 4 5 7 7 5 2 1 5 11 15 13 8 4 1 0 4 22 51 66 55 27 6 1 2 4 3 2 2 3 5 8 10 12 14 14 13 12 12 13 13 13 12 11 11 11 11 9 6 3 4 5 6 5 4 4 6 10 12 10
2 2 2 1 0 0 0 0 1 3 4 5 5 5 5 5 4 3 2 0 0 0 0 0 0 0 0 0 0 1 2 3 3 4 4 4 4 4 4 4 4 3 1 0 1 3 4 4 4 4 1 0 4 26 62 81 68 34 8 1 2 4 3 2 2 3 4 7 10 15 18 17 14 11 12 13 14 13 13 12 12 11 11 9 6 4 3 1 0 0 1 3 7 13 15 13
2 2 0 0 0 0 0 0 1 2 3 4 5 5 5 4 5 8 13 15 12 5 0 0 0 1 1 0 1 4 9 11 10 6 3 2 2 3 3 3 3 3 2 1 0 0 1 1 2 3 1 0 3 21 50 65 55 29 8 2 2 3 2 3 3 3 4 5 9 14 17 15 12 9 9 11 12 12 12 12 12 12 11 9 6 3 2 0 0 0 0 2 5 10 12 10
0 1 0 0 0 0 0 0 0 0 1 2 4 5 4 3 5 15 31 38 31 13 0 0 0 2 2 1 3 10 21 26 22 10 1 0 0 1 2 3 3 3 3 2 2 1 0 0 1 1 0 0 1 9 21 28 25 15 7 3 1 0 1 3 5 5 4 4 6 9 11 10 7 5 6 7 9 10 11 12 13 13 11 9 4 1 0 0 0 0 0 0 2 4 5 4
0 0 1 2 3 2 1 0 0 0 0 1 3 4 3 2 5 18 40 51 41 18 0 0 1 4 3 2 4 13 27 35 28 12 0 0 0 0 1 3 4 4 4 4 3 1 0 0 0 0 0 0 0 0 0 0 2 5 6 5 2 0 1 4 6 5 3 2 3 5 6 5 4 3 3 4 6 8 10 12 13 14 14 11 5 1 0 1 1 1 1 1 1 1 1 1
0 0 1 2 3 2 1 0 0 0 0 0 2 3 2 1 4 15 33 42 35 16 2 0 2 4 3 2 3 11 23 29 23 10 0 0 0 0 1 3 4 4 4 4 3 1 0 0 0 0 0 0 0 0 0 0 0 4 8 7 6 4 4 5 6 5 3 1 2 3 4 3 2 1 2 3 5 6 7 9 13 18 20 17 10 5 2 1 1 2 3 4 4 5 5 4
1 1 1 3 3 3 1 0 0 0 0 0 1 1 1 0 1 7 16 21 17 10 3 3 4 5 4 2 2 6 12 15 12 5 0 0 0 0 1 3 4 4 4 4 3 2 1 1 1 1 0 0 0 0 1 3 5 8 10 11 12 11 10 7 5 3 2 1 1 2 3 2 1 1 2 3 5 4 4 5 12 23 29 26 18 10 7 3 2 3 6 9 11 13 13 10
3 3 3 3 3 3 1 0 0 0 0 0 0 0 0 0 0 1 2 4 4 4 4 5 5 5 5 4 4 4 4 4 3 1 0 0 0 0 1 3 4 4 4 4 3 2 2 1 2 2 1 0 0 2 6 8 9 10 11 12 15 15 13 8 4 2 1 1 1 2 3 3 2 1 2 3 4 4 4 7 14 26 33 30 21 14 9 5 3 4 8 12 15 18 18 14
8 9 8 5 3 2 1 1 0 1 1 1 1 1 1 0 0 0 0 0 1 2 3 4 4 5 8 11 13 11 6 2 1 0 0 0 0 0 1 3 4 4 4 4 3 2 2 1 1 2 2 3 4 5 6 7 7 8 8 10 13 13 11 6 2 1 1 1 2 4 6 5 3 2 1 1 3 7 14 19 23 27 28 25 18 11 9 7 6 7 8 10 12 14 15 12
15 19 16 9 3 1 1 1 1 1 2 2 3 3 2 1 0 0 1 1 1 1 1 1 2 5 12 22 27 23 12 3 1 0 0 0 0 0 1 3 4 4 4 4 3 2 2 1 1 2 4 8 10 8 5 2 2 3 4 5 7 8 6 3 0 0 1 3 5 9 10 9 6 3 1 0 2 12 29 40 37 27 18 13 8 6 7 10 11 10 7 5 5 6 7 7
19 23 19 10 2 1 1 2 2 2 2 3 4 4 3 2 1 1 2 3 2 1 0 0 1 5 14 27 34 29 16 5 2 1 1 0 0 0 1 3 4 4 4 4 3 2 2 1 1 2 5 10 13 10 5 1 0 0 1 1 2 3 3 2 2 2 3 5 7 11 13 11 7 4 1 0 1 14 37 50 43 25 9 4 1 2 5 11 15 12 6 1 0 0 1 3
15 19 15 7 1 1 4 6 5 4 3 3 3 3 3 1 1 1 1 2 2 3 3 3 2 4 10 22 27 23 13 5 2 2 2 1 1 1 2 3 4 4 4 4 3 2 2 1 1 2 4 8 10 9 6 3 2 1 0 0 0 1 4 7 9 9 8 8 8 9 10 8 6 3 1 0 0 11 30 41 34 18 5 1 0 0 4 11 15 12 6 0 0 0 0 2
7 8 6 2 1 3 8 10 10 7 4 3 2 1 1 0 0 0 0 1 3 7 9 7 3 1 4 9 12 11 7 4 3 4 4 3 3 3 3 3 4 4 4 4 4 3 2 1 1 2 2 4 5 6 8 9 7 3 0 0 0 1 7 16 22 21 16 11 9 6 4 3 2 2 1 0 0 5 13 18 15 8 2 0 0 1 4 10 13 11 5 1 0 0 1 3
2 0 0 0 0 4 9 13 12 8 5 3 1 0 0 0 0 0 0 0 4 9 12 10 4 0 0 0 0 1 3 4 5 5 5 5 4 4 4 4 4 4 4 4 4 2 2 1 2 2 1 0 0 4 10 13 11 5 1 0 0 1 8 21 28 27 20 13 8 3 0 0 0 1 0 0 0 0 0 1 1 1 1 1 1 2 5 9 11 9 5 2 1 2 3 4
2 0 0 0 0 3 8 11 10 7 4 3 1 0 0 0 0 0 0 0 3 7 10 8 4 1 0 0 0 0 2 4 5 5 5 5 3 3 3 3 4 4 5 4 4 2 1 1 1 1 1 0 0 4 10 14 12 6 1 0 0 1 7 17 23 22 16 10 7 5 2 1 1 0 0 0 0 0 0 0 0 1 4 4 4 4 5 7 8 7 4 2 2 3 4 4
4 1 0 0 0 1 4 6 6 5 3 2 1 1 0 0 0 0 0 0 1 3 4 4 3 3 2 1 1 2 4 5 5 5 5 4 2 1 1 3 4 4 5 4 3 1 0 0 1 1 0 0 0 4 11 14 12 6 1 0 0 1 3 8 11 10 7 5 5 7 8 6 3 0 0 0 0 0 0 0 1 6 9 10 9 8 7 6 4 3 2 1 2 5 6 5
6 2 1 0 0 0 1 2 3 3 2 2 2 1 1 0 0 0 0 0 0 0 0 1 2 4 4 4 4 4 5 6 6 5 4 4 4 4 4 4 4 4 4 4 3 1 0 0 0 1 0 0 0 4 10 13 11 5 1 0 0 1 1 1 1 1 0 0 4 9 12 10 5 1 0 0 0 0 0 0 3 9 12 13 12 10 8 4 2 1 1 1 3 6 7 6
5 2 0 0 0 0 1 1 2 2 2 2 2 1 1 1 1 0 0 0 0 0 0 0 2 3 3 3 4 5 6 7 5 3 3 7 14 18 15 9 4 3 3 3 3 2 2 1 1 0 0 0 1 4 8 10 8 4 1 0 0 0 0 0 0 0 0 0 3 9 12 10 4 0 0 0 0 0 0 0 3 7 10 11 10 8 6 4 2 1 2 3 4 6 7 6
3 1 0 0 0 0 1 2 2 2 2 2 2 1 2 2 2 1 1 0 0 0 0 0 0 1 2 3 4 5 7 7 5 1 2 12 30 40 33 17 3 0 0 1 2 4 5 4 2 0 0 1 2 3 4 4 4 2 1 0 0 0 0 0 0 0 0 1 3 7 9 7 3 0 0 0 0 0 0 1 2 4 5 5 5 4 4 4 4 4 4 4 5 7 7 6
1 0 0 0 0 0 1 2 2 2 2 2 2 2 2 3 3 2 1 1 0 0 0 0 0 0 1 2 3 5 7 8 5 0 1 15 38 51 42 20 3 0 0 0 2 5 7 5 2 0 1 2 3 3 1 1 0 0 1 1 1 1 1 1 2 2 1 2 3 6 7 5 3 1 0 0 1 1 1 1 1 1 1 1 1 2 3 4 5 6 6 6 6 7 7 6
0 0 0 0 0 0 1 2 2 2 2 2 2 2 2 3 4 3 2 1 0 0 0 0 0 0 0 1 2 4 6 6 4 0 1 12 31 41 34 17 3 0 0 1 2 5 7 6 3 1 1 3 3 2 0 0 0 0 0 2 3 4 4 3 2 1 1 1 3 4 5 5 5 4 4 4 4 4 3 2 1 0 0 0 1 2 3 5 6 6 6 6 7 7 7 6
0 0 0 0 0 0 1 2 2 2 2 2 2 2 3 4 4 4 2 1 1 0 0 0 0 0 0 0 1 2 4 4 3 1 1 6 14 18 15 8 3 2 2 3 4 5 6 5 4 3 3 3 3 1 0 0 0 0 0 3 7 10 8 4 1 1 1 1 2 3 4 6 8 10 11 11 10 8 5 2 1 1 1 2 3 4 5 6 6 6 6 6 7 7 7 6
2 2 1 0 0 0 1 2 2 2 2 2 2 2 3 4 5 4 2 1 1 1 0 0 0 0 0 0 0 1 2 3 3 2 2 1 0 0 1 2 4 4 4 4 4 5 5 5 4 4 3 3 2 2 3 3 2 0 1 4 10 13 11 5 1 0 0 1 1 2 3 6 10 13 14 14 13 10 6 3 2 2 3 4 5 6 6 6 6 6 6 6 8 12 13 11
6 7 6 3 1 0 1 2 2 2 2 2 2 2 2 3 4 3 2 1 1 1 1 0 0 0 0 0 0 1 1 2 2 2 1 0 0 0 0 2 4 5 4 4 4 5 5 5 4 3 3 2 2 6 11 14 11 5 1 3 9 12 10 5 1 0 0 0 1 1 2 5 8 11 12 12 11 9 5 3 3 5 6 6 5 4 4 5 5 5 4 6 13 24 29 24
13 16 13 6 1 1 2 2 2 2 2 2 1 1 1 1 2 1 1 1 1 1 1 1 0 0 0 0 1 1 1 1 1 0 0 0 0 0 1 3 5 5 4 3 4 5 5 5 4 3 2 1 3 11 25 32 26 12 2 2 6 8 7 3 1 0 0 0 0 1 1 2 4 5 6 7 7 6 3 3 5 8 10 8 4 1 1 2 3 3 2 6 21 43 54 44
17 21 18 9 2 1 2 2 2 2 2 1 1 0 0 0 0 0 0 0 1 1 2 1 1 0 0 0 1 1 1 1 1 0 1 1 1 2 4 7 9 8 5 3 3 4 5 5 3 2 1 0 3 14 32 41 34 16 3 1 3 5 4 2 1 0 0 0 0 1 1 0 0 0 1 2 3 3 2 3 6 10 12 10 4 0 0 2 4 2 1 6 25 56 71 58
16 21 18 9 2 1 1 2 2 1 1 1 0 0 0 0 0 0 0 0 1 2 2 2 1 0 0 0 1 1 1 1 2 3 4 3 1 2 6 14 18 16 9 4 3 4 4 4 3 2 1 0 3 12 27 35 29 15 4 2 4 5 4 3 1 1 1 1 1 0 0 0 0 0 0 1 3 3 2 3 5 9 10 8 3 0 1 5 8 6 1 5 24 54 70 57
13 17 15 8 2 1 1 1 0 0 0 0 0 0 0 0 0 0 0 0 0 2 4 3 2 0 0 0 1 1 1 2 4 8 10 7 2 1 9 24 32 28 15 5 2 2 3 3 2 2 2 1 3 7 15 19 16 10 5 5 6 6 5 3 2 1 1 1 1 1 0 0 0 0 0 2 3 4 3 3 4 5 5 4 2 1 5 11 15 11 3 3 19 45 59 47
10 13 11 6 2 1 0 0 0 0 0 0 0 0 0 0 0 0 0 0 1 3 4 4 2 1 0 0 1 1 1 2 5 10 13 10 4 3 12 30 39 33 17 5 3 4 5 4 3 2 2 2 3 3 5 6 6 6 6 6 7 7 6 4 2 2 1 1 1 2 2 1 0 0 1 3 4 4 3 3 3 2 2 2 1 2 7 14 18 14 4 2 16 40 54 45
7 9 8 5 2 1 1 0 0 0 0 0 0 0 0 0 0 0 1 1 2 3 3 3 2 1 0 0 0 1 1 3 5 8 11 10 8 8 15 26 31 26 14 5 6 11 14 12 6 2 2 2 3 3 3 3 4 5 5 6 7 6 5 3 2 1 1 1 2 3 5 6 7 7 6 4 3 2 2 2 3 4 5 4 2 2 6 12 14 9 0 0 12 39 54 47
3 4 4 3 3 2 1 1 0 0 0 0 0 0 0 0 0 1 3 4 4 2 1 1 1 0 0 0 0 0 2 3 3 4 5 9 13 17 17 16 14 11 6 5 11 23 28 23 12 3 1 2 3 3 4 4 4 4 5 5 6 6 5 3 1 1 0 1 3 6 10 13 18 19 15 7 1 0 0 1 4 8 10 8 4 1 2 5 6 1 0 0 10 40 59 55
0 0 1 2 2 2 2 1 1 0 0 0 0 0 0 0 0 1 4 6 5 2 0 0 1 1 1 1 1 1 2 3 2 0 1 7 17 22 18 8 1 0 1 5 14 28 36 29 15 3 0 1 3 3 4 5 5 4 4 4 5 5 4 2 1 0 0 1 4 8 12 17 23 25 19 9 0 0 0 0 4 10 13 11 5 1 0 0 0 0 0 1 24 61 88 93
0 0 0 1 2 2 1 1 1 0 0 0 0 0 0 0 0 1 3 5 4 1 0 1 3 5 5 5 4 4 3 3 2 0 1 7 15 19 15 6 0 0 1 5 13 24 30 25 12 3 1 2 3 3 4 4 4 4 4 4 4 4 3 2 1 0 0 1 3 7 10 14 19 21 16 7 0 0 0 0 3 9 11 9 4 0 0 0 0 0 6 23 54 103 143 167
0 0 0 1 1 1 1 0 0 0 0 0 0 0 0 0 0 0 1 2 2 1 1 3 7 10 11 11 10 8 4 2 1 2 3 6 10 13 10 5 2 2 3 6 9 13 15 13 7 3 2 2 3 3 3 3 3 4 4 4 4 3 2 2 1 1 1 1 2 3 5 7 9 10 8 3 0 0 0 1 2 5 7 5 2 0 0 0 0 9 29 62 106 172 232 285
0 0 0 0 0 0 0 0 0 0 0 0 0 0 0 0 0 0 0 0 0 0 1 4 9 13 14 14 12 10 5 1 1 2 4 7 11 13 11 7 4 4 5 6 5 4 3 3 4 4 3 3 3 3 3 3 3 4 4 3 3 2 2 1 1 1 1 1 1 1 1 1 1 1 1 0 0 0 0 1 1 2 3 3 3 4 0 0 4 24 59 109 170 256 332 394
0 0 0 0 0 0 0 0 0 0 0 0 0 0 0 0 0 0 1 1 1 0 1 4 8 11 12 12 10 8 4 1 0 0 3 10 21 27 23 13 5 3 4 5 4 2 1 2 3 5 4 3 3 3 4 5 4 4 3 2 2 2 2 1 1 1 1 1 1 0 0 0 0 0 0 0 0 0 1 1 1 0 2 6 13 18 14 7 18 49 103 172 256 370 453 488
0 0 0 0 0 0 0 0 0 0 0 0 0 0 0 0 0 0 2 4 3 1 0 2 5 7 7 6 5 4 2 1 0 0 1 16 39 51 43 22 6 2 3 4 3 2 1 3 5 6 6 4 3 4 7 8 6 3 1 1 1 2 2 1 1 1 1 1 1 1 0 0 0 0 0 0 0 0 1 1 0 0 2 12 29 41 37 26 40 85 163 258 371 523 610 591
0 0 0 0 0 0 0 0 0 0 0 0 0 0 0 0 0 1 4 5 4 2 1 1 3 4 3 2 1 1 1 1 0 0 1 19 49 64 54 27 6 1 1 3 2 2 2 4 6 7 6 4 4 6 10 13 10 5 1 1 1 2 2 1 1 1 1 1 1 1 1 1 1 1 1 0 0 0 0 1 0 0 3 16 37 53 49 37 52 101 187 289 412 575 657 605
0 0 0 0 0 0 0 0 0 0 0 0 0 0 0 1 1 2 3 4 4 3 3 3 3 3 2 2 1 1 2 3 1 0 2 18 42 55 46 23 5 1 1 2 2 2 2 3 4 4 4 3 3 8 16 20 17 10 4 3 3 2 2 2 2 1 1 1 1 1 1 1 1 1 1 0 0 0 0 1 0 0 4 14 31 43 40 31 43 81 147 228 326 456 522 479
0 0 0 0 0 0 0 0 0 0 0 0 0 0 1 3 4 3 2 2 3 5 6 6 5 3 3 3 3 4 5 6 5 4 6 13 26 32 27 14 4 1 2 2 2 2 2 2 1 0 0 0 3 11 24 31 28 18 10 7 5 4 3 3 3 2 1 0 0 1 1 1 1 1 1 0 0 0 0 0 1 3 6 10 16 20 19 15 20 36 63 99 146 211 248 238
0 0 0 0 0 0 0 0 0 0 0 0 0 0 1 4 5 4 2 1 3 7 9 8 6 4 3 4 4 5 6 8 8 8 9 10 12 13 10 6 3 2 2 2 2 2 2 2 2 1 1 0 3 12 28 37 34 22 13 9 6 4 4 4 4 2 1 0 0 1 1 1 1 1 1 0 0 0 0 0 2 6 8 7 4 2 2 2 3 1 0 1 8 22 36 51
4 6 5 2 0 0 1 2 2 1 0 0 0 0 1 3 4 4 2 2 4 7 9 8 5 3 3 4 5 5 5 6 8 10 11 10 8 6 5 3 2 2 2 3 3 3 3 6 10 12 9 3 2 11 27 36 32 20 11 7 6 5 4 3 3 2 0 0 0 1 1 1 1 1 1 0 0 0 0 0 2 4 6 4 0 0 0 0 0 0 0 0 0 0 0 0
12 16 13 6 1 1 4 6 5 2 0 0 0 0 0 1 2 2 3 4 5 6 7 6 4 2 3 4 4 4 3 3 6 11 13 12 7 4 3 2 1 2 3 4 4 3 5 12 24 29 23 9 2 7 21 29 25 14 6 4 4 4 4 3 2 1 0 0 0 1 1 1 1 0 0 0 0 0 0 0 0 1 2 1 0 0 0 1 2 0 0 0 0 0 0 0
17 22 18 8 1 2 7 10 8 4 0 0 0 1 1 0 0 2 4 6 6 6 6 5 3 3 3 4 4 3 1 1 4 10 13 11 7 3 1 1 1 2 3 4 4 3 6 15 31 39 31 13 1 4 15 21 18 9 2 1 3 4 4 2 1 0 0 0 0 1 1 1 0 0 0 0 0 0 1 1 1 2 2 2 1 0 2 4 6 5 4 2 1 1 2 4
15 19 15 6 1 2 7 10 9 5 2 2 2 2 2 1 2 3 5 7 7 6 6 6 5 4 4 4 4 2 0 0 3 7 10 8 4 1 1 2 2 3 3 4 3 2 4 12 25 32 26 11 2 4 11 16 13 6 1 1 3 4 3 1 0 0 0 1 1 1 1 1 0 0 0 0 0 1 3 5 7 11 12 9 3 0 2 7 10 9 5 2 0 0 0 1
10 9 7 3 1 3 7 10 10 7 5 5 5 5 5 4 4 5 6 7 7 7 7 7 8 7 6 5 3 2 0 0 1 3 4 3 2 0 1 3 4 4 3 2 1 1 2 6 11 15 12 6 2 3 6 8 7 4 2 2 3 4 2 0 0 0 1 2 2 1 0 0 0 0 0 0 0 2 7 12 17 25 28 21 9 1 4 12 18 15 8 2 0 0 0 4
6 2 1 0 1 3 7 10 10 9 8 7 7 7 6 6 6 6 6 6 7 7 8 9 9 9 7 5 3 2 1 0 0 0 0 0 0 0 2 4 5 4 2 1 0 0 0 0 1 1 2 2 3 3 3 3 3 3 3 3 4 4 3 3 3 3 3 3 2 1 0 0 0 0 0 0 0 3 9 16 23 32 36 29 14 4 7 17 22 18 9 1 0 0 1 9
3 0 0 0 1 3 6 9 9 9 9 8 7 6 6 7 7 7 6 6 6 7 8 8 8 7 6 5 4 3 2 1 1 0 0 0 0 1 2 3 4 4 2 0 0 0 0 0 0 0 0 1 2 2 2 1 2 2 3 3 3 4 7 13 16 14 8 3 1 0 0 0 0 0 0 0 2 5 9 14 20 27 30 26 17 11 14 20 23 18 8 1 0 0 1 13
2 0 0 0 1 2 5 7 8 9 9 8 6 5 5 7 8 7 6 5 6 7 8 7 4 3 4 5 7 6 4 3 2 2 2 2 1 2 2 2 3 2 1 0 0 1 2 2 1 1 1 2 2 2 2 2 2 2 2 2 1 4 14 30 39 32 16 3 0 0 0 0 0 0 1 3 5 6 8 10 11 13 15 17 21 23 24 24 22 16 7 0 0 0 2 20
1 1 1 0 1 2 4 6 7 8 9 7 5 4 4 6 8 7 5 4 5 6 7 5 2 1 3 7 9 8 6 4 3 3 3 3 2 2 2 2 1 1 0 0 1 2 3 3 3 2 2 2 2 2 2 2 2 3 3 2 1 4 18 40 51 42 20 3 0 0 0 0 0 0 2 5 7 7 7 6 4 2 3 10 22 30 30 25 19 14 6 1 0 0 2 23
2 2 2 1 1 2 3 5 6 7 7 6 4 2 3 6 7 6 4 3 3 4 5 5 3 3 5 9 11 10 7 4 3 3 3 3 3 2 2 1 1 0 0 1 1 2 3 3 2 2 2 2 2 1 1 1 2 5 6 5 2 5 16 34 43 36 18 4 0 0 0 0 0 1 2 4 6 6 6 6 3 0 0 8 21 30 29 23 16 12 8 5 2 0 2 18
4 3 3 2 2 2 3 3 4 5 5 4 2 1 2 4 5 5 3 1 1 1 2 4 6 8 10 13 14 12 7 4 3 2 2 2 2 2 2 1 0 0 1 1 1 2 2 2 2 2 2 2 2 1 0 1 3 8 11 9 5 5 10 19 24 21 12 5 3 1 0 0 1 2 2 3 3 4 6 6 4 1 1 7 18 25 23 17 12 11 12 12 8 2 1 8
5 5 4 3 3 2 2 3 3 3 3 2 1 0 1 3 5 4 2 1 0 0 1 3 8 12 13 15 14 12 7 3 2 2 1 2 2 2 2 1 0 0 1 2 2 2 2 2 2 2 2 2 2 1 0 0 3 9 13 12 8 5 5 7 8 8 7 6 5 3 2 1 2 2 3 5 6 7 7 6 5 2 3 7 15 19 17 12 8 10 14 15 12 6 1 1
6 6 5 4 3 3 3 2 2 2 1 1 1 1 2 4 4 4 3 2 2 1 2 5 9 12 13 13 11 9 5 2 1 1 1 1 2 2 2 0 0 0 1 2 2 2 2 2 2 2 2 2 1 1 0 0 3 7 10 10 8 6 5 4 4 4 5 5 5 5 5 3 1 2 6 14 19 17 10 5 3 2 3 5 10 13 12 9 7 8 11 13 11 7 4 2
7 7 6 4 3 3 3 3 2 1 1 1 3 4 4 5 5 5 5 5 5 5 6 8 11 12 11 8 5 3 2 1 0 0 0 1 2 2 2 1 0 0 1 1 2 2 2 3 3 3 2 1 1 0 0 0 1 3 5 6 7 8 7 5 4 3 3 4 6 9 10 7 1 1 11 29 39 33 16 3 0 1 3 4 5 5 6 6 6 6 6 6 6 7 8 6
7 7 6 4 4 3 4 4 2 1 0 1 4 6 6 6 6 6 7 8 8 8 9 10 11 12 9 5 1 0 0 0 0 0 0 1 2 2 2 1 0 0 1 1 2 2 3 3 3 3 2 1 0 0 0 0 0 0 0 2 6 8 8 5 4 3 2 3 6 11 13 9 1 1 14 37 49 40 18 1 0 1 4 3 2 1 3 5 6 5 3 2 4 8 10 10
