MonroviaFiles/popd.txt
ncols         210
nrows         204
xllcorner     -10.883333
yllcorner     6.091667
cellsize      0.002778
NODATA_value  -9999
[rows 130 to 194 of 204, columns 96 to 191 of 210]
1 1 1 1 1 1 0 1 4 8 11 11 8 7 7 8 8 6 3 1 1 1 1 1 1 1 1 1 1 1 1 1 1 1 1 1 1 1 1 1 1 1 1 1 1 1 1 1 0 1 4 10 13 11 5 1 1 1 2 2 2 2 2 2 2 2 3 4 9 16 20 19 16 14 9 3 13 54 121 154 124 54 3 0 17 30 24 11 4 11 27 36 29 13 1 0
1 1 1 1 1 1 0 1 3 6 9 9 10 9 9 8 6 5 2 1 0 1 1 1 0 0 0 1 1 1 1 1 2 4 5 4 2 1 2 4 5 4 2 1 3 6 7 5 2 1 3 8 11 10 7 5 3 2 2 1 1 1 1 1 1 2 4 7 10 15 22 32 47 53 41 18 14 47 107 138 113 53 8 4 17 26 22 12 7 12 23 29 21 6 0 11
1 0 0 1 1 1 1 1 2 3 4 7 11 13 11 7 3 2 1 0 0 0 0 0 1 1 1 1 1 1 0 1 4 8 10 8 4 1 3 8 10 8 3 1 5 12 16 13 5 0 0 3 5 7 10 10 8 4 1 0 0 1 1 0 1 3 7 11 12 14 24 52 94 114 92 43 14 29 67 90 77 45 19 13 14 15 14 12 11 12 14 14 6 0 0 37
1 1 1 1 1 1 1 1 0 0 1 5 11 14 12 6 1 0 1 1 1 1 1 1 1 1 1 1 1 1 0 1 4 10 13 11 5 1 4 10 13 10 4 1 6 16 21 17 8 1 0 0 1 5 10 13 11 5 1 0 1 1 1 0 1 4 8 13 13 12 24 60 116 144 118 57 14 14 33 48 45 34 24 18 11 7 7 11 13 11 6 4 0 0 14 75
4 5 4 2 1 1 1 1 0 0 0 3 9 11 9 4 1 1 3 5 5 5 4 4 2 1 1 1 1 1 0 1 4 8 11 9 4 1 3 8 11 9 4 1 5 13 17 15 9 5 2 0 0 3 7 10 9 6 3 3 3 3 2 1 1 3 6 10 10 9 18 47 94 117 97 49 13 9 19 28 27 24 20 15 9 5 5 9 11 8 2 4 8 20 56 136
8 10 8 4 1 0 0 0 0 0 0 2 4 5 4 2 1 3 7 10 11 11 10 8 4 1 0 1 1 1 0 1 2 4 5 4 2 1 2 4 5 4 2 1 3 6 8 9 10 10 7 3 0 0 2 4 5 6 7 7 8 7 5 3 1 1 3 4 4 4 8 21 41 52 44 26 11 8 10 12 11 10 9 8 6 5 5 6 7 3 0 8 28 64 123 222
10 13 11 5 1 0 0 0 0 0 0 1 1 1 1 0 1 4 9 13 14 14 13 10 5 1 0 0 1 0 0 0 1 1 1 1 1 1 1 1 1 1 1 1 1 0 1 4 10 13 11 5 0 0 0 1 3 7 10 11 11 10 8 4 1 0 1 1 1 1 1 1 0 1 3 7 9 8 4 1 0 0 1 2 3 4 4 4 4 1 0 11 39 88 157 263
9 11 9 4 1 0 0 0 0 0 0 0 0 0 0 0 1 4 8 11 12 12 11 8 4 1 0 0 0 0 0 0 0 0 0 0 1 1 1 0 0 0 1 1 0 0 0 2 8 11 10 6 3 2 1 2 4 8 11 12 12 11 8 4 1 1 3 3 3 1 0 0 0 0 0 2 6 5 1 0 0 0 0 0 2 3 4 5 5 0 0 2 26 69 132 227
4 5 4 2 1 0 1 1 1 1 1 0 0 0 0 0 0 2 4 6 6 6 5 4 2 1 0 0 0 0 0 0 0 0 0 0 0 0 0 0 0 0 1 1 1 0 0 1 3 5 6 6 7 7 6 6 8 10 12 13 13 12 9 4 1 3 7 10 8 3 0 0 0 0 0 0 3 2 0 0 0 0 0 0 0 2 4 8 9 1 0 0 0 25 68 136
1 1 1 1 1 1 1 1 1 1 1 1 1 1 1 1 1 1 1 1 1 1 1 1 1 0 0 0 0 0 0 0 0 1 1 1 1 1 1 1 1 1 1 1 1 1 1 0 0 1 3 6 9 9 9 9 9 10 11 12 12 11 8 3 1 4 10 13 11 5 0 0 0 0 0 0 0 0 0 0 0 0 0 0 0 0 4 9 13 12 10 8 5 2 17 58
0 0 0 1 1 1 1 1 1 1 1 2 3 5 5 5 5 3 2 0 0 0 0 0 0 0 0 0 0 0 0 0 0 0 1 2 3 5 5 5 5 4 2 1 0 0 0 0 0 0 2 5 7 8 7 7 7 8 9 9 9 9 6 3 1 3 7 9 8 3 0 0 0 0 0 0 0 0 0 0 0 0 0 0 0 0 2 7 19 41 74 89 68 24 1 20
1 1 1 1 1 1 1 1 1 1 1 4 7 10 11 11 10 8 4 1 0 0 0 0 0 0 0 0 0 0 0 0 0 0 1 3 7 10 11 11 10 7 3 0 0 0 0 0 0 0 1 2 3 3 3 3 3 4 4 5 5 4 3 1 0 1 1 2 2 1 1 0 0 0 0 0 0 0 0 0 0 0 0 0 0 0 0 3 27 86 178 221 177 73 0 0
1 1 1 1 1 1 1 1 1 0 1 4 9 13 14 14 13 10 5 1 0 0 0 0 0 0 0 0 0 0 0 0 0 0 1 4 9 13 14 14 13 9 4 0 0 0 1 0 0 0 0 0 0 0 0 1 1 1 1 1 1 1 1 1 1 1 1 1 1 1 1 1 1 1 1 1 1 0 0 0 0 1 1 0 0 1 0 1 30 111 238 300 242 105 1 0
0 1 1 1 1 1 1 1 1 0 1 4 8 11 12 12 11 8 4 1 0 0 0 0 0 0 0 0 0 0 0 0 0 0 1 4 8 12 13 13 11 9 4 1 1 1 2 1 1 0 0 0 0 0 2 4 3 0 0 0 0 1 2 3 5 7 11 12 10 5 1 0 0 1 0 0 0 0 0 0 1 3 5 8 11 15 10 4 25 98 216 274 222 98 5 0
0 0 0 0 1 1 1 1 0 0 1 2 3 5 5 6 5 4 2 1 0 0 0 0 0 0 0 0 0 0 0 0 0 0 0 2 5 7 8 8 7 6 4 2 3 3 4 3 1 0 0 0 0 2 7 10 7 1 0 0 0 1 3 6 10 18 29 33 26 12 1 0 0 1 0 0 0 0 0 0 2 7 13 21 32 37 27 9 13 62 143 187 152 70 15 28
0 0 0 0 0 0 0 0 0 0 0 0 0 0 0 1 1 1 1 1 1 0 0 0 0 0 0 0 0 0 0 0 0 0 0 1 3 4 5 4 4 4 4 4 4 5 5 4 2 1 0 0 1 4 10 13 11 5 1 0 0 2 4 7 13 23 38 44 35 16 1 0 0 1 1 1 1 1 0 1 4 9 17 28 43 50 38 14 7 34 84 113 94 47 24 56
1 0 0 0 0 0 0 0 0 0 0 0 0 0 0 0 0 0 0 1 1 0 0 0 0 0 0 0 0 0 0 0 0 0 1 2 3 3 4 3 3 3 4 4 4 5 5 4 3 2 2 2 4 6 8 11 12 14 13 11 6 3 3 6 11 19 31 36 30 15 3 0 1 3 6 12 16 15 13 11 11 11 14 23 37 44 36 19 13 33 70 91 76 41 29 65
2 0 0 0 0 0 0 0 0 0 0 0 0 0 0 0 0 0 0 0 0 0 0 0 0 0 0 0 0 0 0 0 1 1 2 2 3 3 3 3 3 3 4 4 4 4 4 4 3 3 5 8 9 8 4 5 13 27 34 28 14 3 1 3 5 9 14 17 15 9 5 3 2 5 14 30 39 39 33 26 20 12 8 12 21 27 27 24 27 43 68 82 69 40 32 68
5 1 0 0 0 0 0 0 0 0 0 0 0 0 0 0 1 1 0 0 0 0 0 0 0 0 0 0 0 0 0 1 1 2 3 3 3 4 4 4 4 4 4 4 4 4 4 4 4 5 8 11 13 9 2 1 13 33 44 37 18 4 0 0 1 1 1 2 3 5 6 5 3 6 19 39 51 51 44 34 24 11 3 3 7 13 18 25 34 47 64 73 62 40 34 64
6 2 1 3 4 3 0 0 0 0 0 0 0 0 1 3 3 3 2 1 0 0 1 1 0 1 2 3 4 3 2 1 1 0 0 0 0 0 2 4 6 6 6 6 6 6 6 6 7 8 10 13 14 10 4 3 12 28 36 30 15 3 0 0 0 0 0 0 0 3 5 4 3 5 15 32 42 42 36 28 20 9 1 1 4 8 13 20 27 37 50 56 50 36 33 54
9 4 5 8 10 7 1 0 0 0 0 0 0 1 3 7 8 7 4 1 1 1 1 1 1 2 4 7 9 9 6 3 0 0 0 0 0 0 0 5 9 10 10 9 9 9 9 10 11 11 12 13 13 11 8 7 10 15 17 14 7 2 1 0 0 0 0 0 0 1 2 2 1 3 7 14 19 19 16 13 9 4 1 1 3 6 7 9 12 19 29 35 35 32 30 35
11 6 8 13 15 12 6 1 0 0 0 1 1 2 5 9 11 9 5 2 1 1 2 2 1 2 5 10 13 12 8 5 4 5 5 5 5 5 7 9 11 12 11 11 11 11 11 12 13 13 13 12 11 11 11 10 8 5 2 1 1 1 1 1 1 1 1 1 1 1 1 1 1 1 1 1 1 1 1 1 1 0 0 2 4 5 4 1 1 5 12 19 25 32 33 26
14 8 9 13 16 16 14 12 9 4 1 0 1 3 5 8 10 8 5 2 1 1 2 2 2 3 4 6 8 7 5 7 17 33 45 47 45 39 32 21 12 9 7 6 7 9 10 11 13 13 13 11 9 10 10 10 7 2 0 0 0 1 1 1 1 1 1 1 2 3 4 3 2 0 0 0 0 0 0 0 0 0 0 1 3 3 2 0 0 1 5 12 24 41 48 36
16 11 10 13 16 21 28 30 24 11 2 0 2 4 5 6 6 5 3 2 1 1 2 2 3 4 2 0 0 0 0 9 36 79 109 115 109 94 73 39 13 3 0 0 0 4 7 9 11 12 11 9 7 7 8 7 5 2 0 0 0 0 1 1 1 1 0 1 3 8 10 8 4 0 0 0 0 0 0 0 0 0 0 1 1 2 1 0 0 0 1 9 28 58 72 57
20 15 15 16 16 24 38 44 36 19 5 2 4 5 5 4 3 3 2 2 2 2 2 3 3 4 5 6 7 4 0 11 45 102 141 150 142 123 93 47 13 3 3 5 5 5 5 7 9 10 9 7 5 5 5 5 4 2 1 1 1 1 1 1 1 0 0 1 5 11 14 11 5 0 0 0 1 1 1 1 1 1 1 1 1 1 1 1 1 0 0 7 29 63 81 67
23 23 21 18 16 25 42 50 43 26 12 8 7 7 5 3 2 1 2 2 3 4 5 4 1 4 17 38 49 39 16 10 35 82 116 122 116 100 75 36 11 13 29 38 32 16 5 3 6 8 8 6 5 5 4 4 3 2 1 1 2 2 2 1 1 0 0 1 5 11 15 12 6 1 0 0 1 1 0 0 0 1 1 1 1 1 1 1 1 0 0 4 21 49 64 54
26 32 26 21 16 25 42 52 48 35 23 18 13 8 5 2 1 1 1 3 5 8 10 6 0 4 36 89 117 95 43 7 11 34 53 55 52 45 32 13 7 29 71 93 76 36 5 0 2 6 6 6 5 4 3 2 1 1 0 1 3 5 4 2 1 0 0 0 4 11 15 12 6 1 0 0 1 1 0 0 0 1 1 1 1 1 1 1 2 1 0 2 9 21 28 25
29 39 31 23 15 26 37 48 41 35 28 22 16 10 8 7 5 4 4 4 7 11 13 7 0 4 46 116 151 124 57 5 0 0 4 4 4 5 1 0 5 38 93 121 100 47 5 0 0 5 5 5 5 4 3 1 0 0 0 2 4 6 5 3 1 1 0 1 5 10 13 11 5 1 0 1 1 1 1 1 1 1 1 1 1 1 1 2 2 2 2 1 1 0 1 4
22 27 22 16 11 18 25 32 27 23 19 16 14 11 14 16 16 14 10 7 8 11 12 7 0 5 39 95 124 102 48 4 0 0 0 0 0 2 0 0 3 31 77 100 83 39 5 0 1 5 5 5 5 4 2 1 0 0 0 1 3 5 4 3 3 2 3 4 5 8 9 8 4 1 0 1 1 2 4 5 4 3 2 1 1 1 1 1 1 2 4 4 3 0 0 1
13 14 12 10 8 10 13 15 13 11 9 10 11 12 19 26 35 31 20 12 9 9 9 6 3 6 21 45 57 47 23 4 0 0 0 1 11 17 13 5 3 15 36 48 40 21 6 2 3 5 5 5 5 4 2 0 0 0 0 0 1 2 3 3 4 5 7 8 7 5 4 3 2 1 1 1 2 4 8 10 9 5 2 1 0 0 0 0 1 4 8 10 9 7 5 4
1 1 2 3 4 3 1 0 0 0 0 4 9 13 24 35 46 35 25 14 11 9 7 7 7 7 7 6 5 5 4 4 3 1 2 9 21 27 22 11 3 2 5 7 7 6 5 5 5 5 5 4 4 3 2 1 0 0 0 0 0 0 1 3 5 7 9 10 8 4 1 1 1 1 1 1 2 5 10 13 11 6 2 1 1 2 1 1 2 5 10 13 14 12 10 7
1 1 2 3 4 3 1 0 0 0 0 3 6 9 18 28 37 28 20 11 10 8 7 8 8 9 4 0 0 0 0 5 5 3 4 10 19 24 21 12 4 1 0 0 0 2 4 4 4 4 4 3 3 2 2 2 2 3 4 3 1 0 0 3 5 6 8 8 7 5 4 3 3 3 2 1 2 4 8 11 9 4 1 2 5 7 7 5 5 6 9 11 11 10 8 6
0 0 0 0 0 0 0 0 0 0 0 0 3 4 12 20 28 22 15 8 8 8 7 8 10 12 6 0 0 0 0 5 7 7 8 10 14 16 15 10 6 4 1 0 0 0 1 2 2 2 2 1 1 1 3 4 6 9 10 7 3 0 0 2 3 4 4 5 6 9 10 9 7 4 3 2 1 2 4 5 4 1 1 5 12 17 16 13 10 8 7 6 5 5 4 3
0 0 0 0 0 0 0 0 0 0 0 0 0 0 6 13 20 15 10 6 6 7 7 9 11 13 10 8 5 5 6 6 10 14 17 15 12 10 9 9 8 7 5 3 2 1 1 1 1 1 1 0 0 1 3 5 8 12 13 10 4 0 0 1 2 2 1 1 5 10 13 12 9 5 4 2 1 1 1 1 0 0 1 6 15 21 21 17 13 9 5 1 1 1 1 1
0 0 0 0 0 0 0 0 0 0 0 0 0 0 6 13 20 15 10 6 5 5 5 7 8 10 21 33 44 31 19 7 17 28 39 29 19 9 7 8 9 8 6 5 4 4 4 3 2 1 0 0 0 0 2 4 6 9 10 9 6 4 3 3 2 1 0 0 3 8 11 10 7 5 3 2 1 1 1 1 0 0 1 6 13 18 17 14 11 7 3 0 0 0 0 0
0 0 0 0 0 0 0 0 0 0 0 0 0 0 0 0 0 0 0 0 0 3 2 4 5 7 32 58 82 57 32 7 25 43 61 43 26 9 5 7 9 9 8 7 8 9 9 7 4 2 0 0 0 0 0 1 2 3 4 6 8 9 8 5 3 1 0 0 1 3 5 4 4 3 2 1 1 1 2 2 2 1 1 3 7 9 8 7 5 4 2 1 0 0 0 0
0 0 0 0 0 0 0 0 0 0 0 0 0 0 0 0 0 0 0 0 0 0 0 1 2 4 43 82 120 83 45 8 33 57 81 57 32 8 8 9 9 9 9 9 10 11 12 9 6 2 1 0 0 0 0 0 0 0 0 3 9 12 10 6 2 1 1 1 1 0 0 1 2 2 2 1 1 1 3 3 3 2 1 1 2 2 2 1 1 1 1 1 1 1 1 1
0 0 0 0 0 0 0 0 0 0 0 0 0 0 0 0 0 0 0 0 0 0 0 1 2 4 43 82 120 83 45 8 28 43 55 38 22 5 6 7 8 8 8 8 8 9 10 8 5 3 2 1 1 1 0 0 0 0 0 2 8 11 9 5 2 2 3 4 3 1 0 1 3 4 4 3 2 2 2 3 2 2 1 1 0 0 0 0 0 0 1 1 2 3 4 4
0 0 0 0 0 0 0 0 0 0 0 0 0 0 0 0 0 0 0 0 0 0 0 0 0 0 0 0 0 0 0 0 0 25 28 19 11 2 4 5 6 6 6 6 6 7 7 6 5 4 3 3 2 2 2 2 1 0 0 2 5 6 5 2 0 3 7 10 8 4 2 3 6 8 7 5 3 3 2 1 1 1 0 0 1 1 1 0 0 0 1 1 3 6 8 8
0 0 0 0 0 0 0 0 0 0 0 0 0 0 0 0 0 0 0 0 0 0 0 0 0 0 0 0 0 0 0 0 0 1 1 1 0 0 1 3 5 5 5 5 5 5 5 5 5 5 4 4 3 3 3 3 2 2 1 2 3 3 2 0 0 3 9 13 11 6 3 4 8 10 9 6 4 3 2 1 1 1 2 2 2 1 1 1 1 1 0 1 4 8 12 12
0 0 0 0 0 0 0 0 0 0 0 0 0 0 0 0 0 0 0 0 0 0 0 0 0 0 0 0 0 0 0 0 0 1 1 1 0 0 1 3 5 5 5 5 4 4 4 4 4 4 4 4 3 3 3 3 3 2 2 2 3 3 2 0 0 2 7 10 9 5 2 3 6 7 7 5 4 3 2 2 3 5 6 5 3 1 1 1 1 1 0 1 5 10 14 14
0 0 0 0 0 0 0 0 0 0 0 0 0 0 0 0 0 0 0 0 0 0 0 0 0 0 0 0 0 0 0 0 0 0 0 0 0 0 0 0 0 0 0 0 0 3 2 3 3 3 3 3 3 3 3 3 3 3 3 3 4 3 2 1 0 1 3 4 3 1 0 0 2 2 3 3 3 3 3 4 7 12 14 11 5 1 0 1 2 2 1 1 6 13 17 15
0 0 0 0 0 0 0 0 0 0 0 0 0 0 0 0 0 0 0 0 0 0 0 0 0 0 0 0 0 0 0 0 0 0 0 0 0 0 0 0 0 0 0 0 0 1 1 2 2 3 3 3 3 3 3 3 3 4 4 4 4 4 3 1 0 0 0 0 0 0 0 0 0 0 0 1 2 3 3 5 10 16 19 15 7 1 1 2 3 2 1 1 6 13 17 14
0 0 0 0 0 0 0 0 0 0 0 0 0 0 0 0 0 0 0 0 0 0 0 0 0 0 0 0 0 0 0 0 0 0 0 0 0 0 0 0 0 0 0 0 0 1 1 2 2 3 3 3 3 4 4 4 4 4 4 4 4 4 3 2 2 1 1 0 1 2 3 3 2 1 1 1 2 2 3 5 9 15 18 15 8 3 2 3 4 3 1 1 5 11 15 12
0 0 0 0 0 0 0 0 0 0 0 0 0 0 0 0 0 0 0 0 0 0 0 0 0 0 0 0 0 0 0 0 0 0 0 0 0 0 0 0 0 0 0 0 0 0 0 0 0 0 0 0 0 0 4 4 4 4 4 3 3 3 3 3 3 3 3 2 4 7 9 9 6 4 3 2 1 2 3 5 8 12 14 13 9 6 5 4 4 2 1 1 3 7 10 8
0 0 0 0 0 0 0 0 0 0 0 0 0 0 0 0 0 0 0 0 0 0 0 0 0 0 0 0 0 0 0 0 0 0 0 0 0 0 0 0 0 0 0 0 0 0 0 0 0 0 0 0 0 0 5 5 4 4 3 3 3 3 3 4 4 4 5 5 7 10 13 11 9 7 5 3 1 2 3 5 7 9 10 11 11 10 9 6 4 3 1 1 2 6 8 6
0 0 0 0 0 0 0 0 0 0 0 0 0 0 0 0 0 0 0 0 0 0 0 0 0 0 0 0 0 0 0 0 0 0 0 0 0 0 0 0 0 0 0 0 0 0 0 0 0 0 0 0 0 0 5 5 4 4 3 3 3 3 3 3 3 4 5 5 7 9 10 9 8 6 5 3 1 2 5 7 7 7 7 11 16 19 17 11 6 3 1 1 4 9 12 10
0 0 0 0 0 0 0 0 0 0 0 0 0 0 0 0 0 0 0 0 0 0 0 0 0 0 0 0 0 0 0 0 0 0 0 0 0 0 0 0 0 0 0 0 0 0 0 0 0 0 0 0 0 0 0 0 0 0 0 0 0 0 0 2 2 3 5 6 7 7 7 7 6 6 4 3 1 3 7 10 8 4 4 11 24 31 27 17 7 4 2 3 8 16 21 16
0 0 0 0 0 0 0 0 0 0 0 0 0 0 0 0 0 0 0 0 0 0 0 0 0 0 0 0 0 0 0 0 0 0 0 0 0 0 0 0 0 0 0 0 0 0 0 0 0 0 0 0 0 0 0 0 0 0 0 0 0 0 0 1 1 3 5 7 6 5 5 5 5 5 4 3 2 5 9 13 9 5 1 11 27 37 32 19 8 4 2 3 9 20 25 20
0 0 0 0 0 0 0 0 0 0 0 0 0 0 0 0 0 0 0 0 0 0 0 0 0 0 0 0 0 0 0 0 0 0 0 0 0 0 0 0 0 0 0 0 0 0 0 0 0 0 0 0 0 0 0 0 0 0 0 0 0 0 0 1 1 3 5 7 6 5 5 5 4 4 5 5 6 8 11 13 10 6 0 4 20 29 26 15 6 3 2 3 8 16 20 16
0 0 0 0 0 0 0 0 0 0 0 0 0 0 0 0 0 0 0 0 0 0 0 0 0 0 0 0 0 0 0 0 0 0 0 0 0 0 0 0 0 0 0 0 0 0 0 0 0 0 0 0 0 0 0 0 0 0 0 0 0 0 0 0 0 0 0 0 0 0 0 0 4 4 6 8 10 11 12 14 10 7 0 0 5 13 12 7 2 1 1 2 4 7 9 7
0 0 0 0 0 0 0 0 0 0 0 0 0 0 0 0 0 0 0 0 0 0 0 0 0 0 0 0 0 0 0 0 0 0 0 0 0 0 0 0 0 0 0 0 0 0 0 0 0 0 0 0 0 0 0 0 0 0 0 0 0 0 0 0 0 0 0 0 0 0 0 0 3 3 7 10 14 14 14 14 11 8 5 3 2 0 0 0 0 0 1 2 2 1 1 0
0 0 0 0 0 0 0 0 0 0 0 0 0 0 0 0 0 0 0 0 0 0 0 0 0 0 0 0 0 0 0 0 0 0 0 0 0 0 0 0 0 0 0 0 0 0 0 0 0 0 0 0 0 0 0 0 0 0 0 0 0 0 0 0 0 0 0 0 0 0 0 0 3 3 7 10 14 12 11 10 29 49 67 45 22 0 0 0 0 1 2 2 2 0 0 0
0 0 0 0 0 0 0 0 0 0 0 0 0 0 0 0 0 0 0 0 0 0 0 0 0 0 0 0 0 0 0 0 0 0 0 0 0 0 0 0 0 0 0 0 0 0 0 0 0 0 0 0 0 0 0 0 0 0 0 0 0 0 0 0 0 0 0 0 0 0 0 0 0 0 0 0 0 0 7 7 48 89 130 86 43 0 0 0 0 1 2 4 3 1 0 0
0 0 0 0 0 0 0 0 0 0 0 0 0 0 0 0 0 0 0 0 0 0 0 0 0 0 0 0 0 0 0 0 0 0 0 0 0 0 0 0 0 0 0 0 0 0 0 0 0 0 0 0 0 0 0 0 0 0 0 0 0 0 0 0 0 0 0 0 0 0 0 0 0 0 0 0 0 0 2 3 66 130 191 127 63 0 0 0 0 1 3 4 3 1 0 0
0 0 0 0 0 0 0 0 0 0 0 0 0 0 0 0 0 0 0 0 0 0 0 0 0 0 0 0 0 0 0 0 0 0 0 0 0 0 0 0 0 0 0 0 0 0 0 0 0 0 0 0 0 0 0 0 0 0 0 0 0 0 0 0 0 0 0 0 0 0 0 0 0 0 0 0 0 0 2 3 66 130 191 127 63 0 2 4 6 5 4 3 2 1 0 0
0 0 0 0 0 0 0 0 0 0 0 0 0 0 0 0 0 0 0 0 0 0 0 0 0 0 0 0 0 0 0 0 0 0 0 0 0 0 0 0 0 0 0 0 0 0 0 0 0 0 0 0 0 0 0 0 0 0 0 0 0 0 0 0 0 0 0 0 0 0 0 0 0 0 0 0 0 0 0 0 0 0 0 0 0 0 0 11 12 9 5 1 1 0 0 2
0 0 0 0 0 0 0 0 0 0 0 0 0 0 0 0 0 0 0 0 0 0 0 0 0 0 0 0 0 0 0 0 0 0 0 0 0 0 0 0 0 0 0 0 0 0 0 0 0 0 0 0 0 0 0 0 0 0 0 0 0 0 0 0 0 0 0 0 0 0 0 0 0 0 0 0 0 0 0 0 0 0 0 0 0 0 0 19 18 12 6 0 0 0 0 3
0 0 0 0 0 0 0 0 0 0 0 0 0 0 0 0 0 0 0 0 0 0 0 0 0 0 0 0 0 0 0 0 0 0 0 0 0 0 0 0 0 0 0 0 0 0 0 0 0 0 0 0 0 0 0 0 0 0 0 0 0 0 0 0 0 0 0 0 0 0 0 0 0 0 0 0 0 0 0 0 0 0 0 0 0 0 0 19 18 10 4 0 0 0 0 3
0 0 0 0 0 0 0 0 0 0 0 0 0 0 0 0 0 0 0 0 0 0 0 0 0 0 0 0 0 0 0 0 0 0 0 0 0 0 0 0 0 0 0 0 0 0 0 0 0 0 0 0 0 0 0 0 0 0 0 0 0 0 0 0 0 0 0 0 0 0 0 0 0 0 0 0 0 0 0 0 0 0 0 0 0 0 0 0 0 0 2 0 0 0 0 1
0 0 0 0 0 0 0 0 0 0 0 0 0 0 0 0 0 0 0 0 0 0 0 0 0 0 0 0 0 0 0 0 0 0 0 0 0 0 0 0 0 0 0 0 0 0 0 0 0 0 0 0 0 0 0 0 0 0 0 0 0 0 0 0 0 0 0 0 0 0 0 0 0 0 0 0 0 0 0 0 0 0 0 0 0 0 0 0 0 0 0 0 0 0 0 0
0 0 0 0 0 0 0 0 0 0 0 0 0 0 0 0 0 0 0 0 0 0 0 0 0 0 0 0 0 0 0 0 0 0 0 0 0 0 0 0 0 0 0 0 0 0 0 0 0 0 0 0 0 0 0 0 0 0 0 0 0 0 0 0 0 0 0 0 0 0 0 0 0 0 0 0 0 0 0 0 0 0 0 0 0 0 0 0 0 0 6 0 0 0 0 0
0 0 0 0 0 0 0 0 0 0 0 0 0 0 0 0 0 0 0 0 0 0 0 0 0 0 0 0 0 0 0 0 0 0 0 0 0 0 0 0 0 0 0 0 0 0 0 0 0 0 0 0 0 0 0 0 0 0 0 0 0 0 0 0 0 0 0 0 0 0 0 0 0 0 0 0 0 0 0 0 0 0 0 0 0 0 0 45 45 26 11 0 0 0 0 0
0 0 0 0 0 0 0 0 0 0 0 0 0 0 0 0 0 0 0 0 0 0 0 0 0 0 0 0 0 0 0 0 0 0 0 0 0 0 0 0 0 0 0 0 0 0 0 0 0 0 0 0 0 0 0 0 0 0 0 0 0 0 0 0 0 0 0 0 0 0 0 0 0 0 0 0 0 0 0 0 0 0 0 0 0 0 0 45 45 30 15 0 0 0 0 0
0 0 0 0 0 0 0 0 0 0 0 0 0 0 0 0 0 0 0 0 0 0 0 0 0 0 0 0 0 0 0 0 0 0 0 0 0 0 0 0 0 0 0 0 0 0 0 0 0 0 0 0 0 0 0 0 0 0 0 0 0 0 0 0 0 0 0 0 0 0 0 0 0 0 0 0 0 0 0 0 0 0 0 0 0 0 0 45 45 26 11 1 2 3 4 3
