MonroviaFiles/popd.txt
ncols         210
nrows         204
xllcorner     -10.883333
yllcorner     6.091667
cellsize      0.002778
NODATA_value  -9999
[rows 65 to 129 of 204, columns 0 to 95 of 210]
8 8 6 3 0 2 4 6 7 8 11 8 3 0 1 5 7 5 1 0 3 8 18 35 60 74 60 30 22 61 132 171 148 86 35 18 10 6 4 4 5 4 4 3 3 3 4 4 4 4 4 3 3 3 3 4 9 18 22 18 10 3 2 3 4 4 4 4 3 2 3 6 11 14 9 0 0 8 27 40 39 30 22 21 21 20 17 12 8 5 3 2 5 10 13 12
4 4 3 2 0 1 2 3 3 4 5 3 0 0 2 8 11 9 4 1 2 4 9 15 25 32 33 31 38 64 104 123 100 49 10 3 9 14 12 8 5 3 2 1 1 3 3 4 4 4 4 4 4 4 3 4 6 10 11 10 6 4 3 4 4 4 4 4 4 4 4 7 12 13 10 2 0 5 16 23 21 14 10 15 23 28 23 12 4 2 2 5 10 18 22 18
0 0 0 0 0 0 0 0 0 0 0 0 0 0 3 10 13 11 6 2 0 0 2 7 16 25 32 40 49 61 77 80 63 29 4 2 11 17 15 9 5 4 4 5 4 4 3 3 3 3 4 4 4 4 4 4 4 4 4 4 4 4 4 4 4 4 4 4 4 4 5 8 12 14 11 5 2 3 7 9 6 2 1 9 23 30 25 11 1 0 3 8 14 23 27 22
0 0 0 0 0 0 0 0 0 0 0 2 4 5 7 9 10 8 5 2 0 0 0 22 59 82 80 63 50 49 52 53 50 42 35 28 21 14 10 6 5 8 15 19 16 9 3 2 3 3 3 3 3 4 4 4 3 2 2 2 3 4 4 5 5 4 4 3 3 3 4 7 13 15 13 7 3 3 4 4 2 0 0 6 18 24 19 8 0 0 3 8 14 22 25 20
0 0 0 0 0 0 0 0 0 0 0 4 8 14 12 7 3 2 2 2 0 0 0 52 138 187 165 99 46 29 24 28 46 77 92 75 36 7 0 0 4 15 33 42 35 17 4 1 2 4 3 2 2 2 3 4 4 3 3 3 3 4 4 5 5 4 3 1 1 0 2 6 14 18 16 10 5 4 3 2 1 0 0 3 9 12 9 3 0 0 5 9 13 18 19 15
0 0 0 0 0 0 0 0 0 0 0 6 12 19 12 6 0 0 1 2 0 0 0 69 180 242 210 118 44 18 6 14 47 105 135 110 50 3 0 0 4 19 42 54 45 22 4 0 2 4 4 4 4 4 4 4 4 4 3 3 4 4 4 5 5 4 2 0 0 0 1 6 14 18 17 13 9 6 3 1 1 1 1 1 2 2 2 0 1 4 9 13 14 15 14 10
0 0 0 0 0 0 0 0 0 0 0 4 8 12 10 7 3 2 2 2 0 0 0 53 146 198 175 104 46 22 8 14 51 115 149 123 58 8 0 0 4 16 35 45 37 19 4 1 2 5 7 12 14 12 8 4 3 3 3 4 4 4 4 5 4 3 1 0 0 2 4 7 12 15 16 17 16 12 6 1 0 0 1 1 0 0 2 4 7 12 18 22 21 16 12 7
0 0 0 0 0 0 0 0 0 0 0 2 4 6 7 8 9 8 5 2 0 0 0 19 64 93 89 69 49 36 21 24 59 119 150 126 66 19 5 2 5 9 18 23 19 11 5 3 3 5 12 23 29 25 13 5 3 3 4 4 5 5 4 3 2 1 0 0 3 7 10 10 8 8 14 22 26 20 9 1 0 0 1 1 0 1 5 11 17 24 32 36 31 21 11 4
0 0 0 0 0 0 0 0 0 0 0 0 0 0 5 9 13 10 6 3 2 2 4 5 7 13 24 41 52 48 35 35 64 112 137 116 66 25 12 7 5 3 4 5 5 5 5 4 3 5 14 29 37 31 16 5 2 3 4 4 5 5 4 3 1 1 1 2 5 10 13 11 6 5 12 24 30 24 11 1 0 1 3 2 1 3 7 15 24 31 40 43 36 22 11 6
0 0 0 0 0 0 0 0 0 0 0 2 3 5 6 7 9 8 6 4 15 33 42 32 11 0 11 36 54 52 43 42 61 93 108 91 53 21 11 7 5 3 2 2 2 4 5 5 3 5 12 25 31 26 14 5 3 3 4 5 5 5 4 3 2 2 3 5 7 10 11 10 8 8 13 21 25 20 9 1 1 4 6 5 2 3 7 14 22 28 35 38 32 19 12 15
0 0 0 0 0 0 0 0 0 0 0 0 8 9 7 6 4 6 7 8 35 80 104 87 44 15 19 39 54 56 52 49 53 60 60 49 28 12 7 6 5 4 3 3 3 4 5 4 4 4 8 13 16 14 9 5 4 4 5 5 5 5 5 4 3 5 8 10 9 7 6 8 13 15 16 14 12 9 4 1 3 8 11 9 5 2 5 10 15 18 23 24 21 13 14 30
0 0 0 0 0 0 0 0 0 0 0 0 13 13 9 4 0 4 7 10 47 106 137 118 67 30 28 41 53 56 58 56 48 35 23 18 13 10 8 6 5 5 5 5 5 4 4 4 4 4 4 4 4 4 5 5 5 5 5 5 5 5 5 4 5 7 11 12 10 4 2 7 15 20 17 9 3 1 1 3 6 11 13 11 6 2 3 6 9 11 12 13 12 9 15 38
0 0 0 0 0 0 0 0 0 0 0 0 13 13 9 7 4 7 9 12 42 90 117 102 61 31 28 38 48 54 61 60 48 27 11 10 16 20 16 9 4 2 2 3 3 4 4 4 4 4 3 2 1 2 4 5 6 5 5 5 5 5 5 5 5 7 9 10 7 3 1 6 15 20 16 7 1 1 5 8 9 11 11 8 4 2 3 5 7 8 9 10 9 8 15 34
0 0 0 0 0 0 0 0 0 0 0 0 0 0 0 9 9 10 11 13 27 49 62 57 42 30 29 33 39 49 62 65 52 26 9 14 30 38 31 15 2 0 0 0 1 2 4 4 4 3 3 2 2 3 4 5 6 5 5 5 5 5 5 5 5 5 5 5 3 1 1 5 12 16 13 6 1 4 12 16 14 9 5 3 2 1 3 5 7 7 7 8 8 9 13 21
0 0 0 0 0 0 0 0 0 0 0 0 0 0 0 13 13 13 13 13 17 21 25 28 29 31 31 30 33 44 60 67 54 29 13 21 42 54 44 22 5 1 2 3 3 3 3 3 3 3 3 3 3 4 5 5 5 5 5 5 5 5 5 5 5 4 2 0 0 0 1 4 10 12 10 4 2 7 16 20 17 8 1 0 0 1 2 5 7 7 7 7 8 9 11 11
0 0 0 0 0 0 0 0 0 0 0 0 0 0 0 8 8 9 9 9 20 31 32 34 36 36 34 30 31 41 58 66 56 35 23 31 51 62 54 34 19 16 17 18 14 8 3 2 3 4 4 4 4 4 3 3 3 4 4 4 4 4 4 5 5 3 1 0 0 0 1 3 7 9 7 3 2 5 12 16 14 8 4 2 1 1 2 5 7 8 7 7 7 8 8 7
0 0 0 0 0 0 0 0 0 0 0 0 0 0 0 4 4 5 5 6 23 41 59 59 51 43 38 32 31 39 54 62 58 46 40 47 61 69 64 51 41 40 43 41 32 15 4 1 2 4 4 5 5 4 2 0 1 2 3 3 3 4 4 5 4 3 2 0 0 0 1 2 3 4 3 2 1 2 4 6 7 9 10 8 3 1 2 6 8 9 9 8 7 5 4 4
0 0 0 0 0 0 0 0 0 0 0 0 0 0 0 0 0 1 1 2 27 51 75 65 55 45 38 32 30 36 47 56 56 51 50 55 63 68 66 59 54 54 57 54 41 20 4 0 2 4 5 5 5 5 5 5 5 5 5 5 5 5 5 5 4 3 2 1 1 1 1 1 0 0 0 0 0 0 0 1 5 11 13 11 5 1 2 6 9 10 10 10 7 3 1 3
0 0 0 0 0 0 0 0 0 0 0 0 0 0 0 0 0 0 1 2 19 37 54 48 42 39 33 28 26 30 38 45 46 44 43 45 47 48 47 45 44 44 44 41 30 14 2 0 0 2 1 0 2 8 17 23 22 16 12 11 11 10 8 5 3 2 1 1 1 1 1 0 0 0 0 0 0 2 6 9 10 11 11 8 4 1 1 4 7 9 11 11 8 2 0 3
0 0 0 0 0 0 0 0 0 0 0 0 0 0 0 0 0 0 0 1 12 23 34 31 29 26 24 21 20 22 26 29 30 29 27 24 18 14 16 19 21 20 16 12 8 3 0 0 0 0 0 0 0 12 37 53 50 35 24 21 21 19 14 7 1 0 0 1 1 1 1 0 0 0 0 0 0 6 17 24 21 12 5 2 1 1 1 2 3 6 11 13 10 3 0 4
0 0 0 0 0 0 0 0 0 0 0 0 0 0 0 0 0 0 0 0 4 9 13 14 16 17 17 17 17 18 21 22 22 21 19 17 15 13 14 16 17 14 9 5 4 5 5 5 5 5 2 0 2 21 53 72 68 51 35 30 27 23 17 7 0 0 0 1 1 1 1 0 0 0 0 0 0 10 25 32 27 12 1 0 0 1 0 0 1 4 10 13 10 4 1 6
0 0 0 0 0 0 0 0 0 0 0 0 0 0 0 0 0 0 0 0 3 6 9 11 14 17 19 20 19 23 29 32 29 23 24 35 55 68 67 59 51 47 44 41 37 30 27 27 29 31 29 26 28 38 55 66 64 54 44 37 28 19 13 5 0 0 0 1 1 1 1 0 0 0 0 1 4 11 23 29 24 13 4 1 1 1 0 0 0 2 7 10 9 6 5 8
0 0 0 0 0 0 0 0 0 0 0 0 0 0 0 0 0 0 0 0 0 3 4 8 12 17 20 24 26 34 46 52 46 34 37 72 130 167 162 134 111 107 109 107 94 74 61 61 67 73 74 73 70 63 53 46 48 54 55 44 25 10 5 2 1 0 0 1 1 1 1 0 0 0 2 6 10 13 16 18 16 13 10 7 3 0 0 0 0 0 1 4 7 10 12 12
0 0 0 0 0 0 0 0 0 0 0 0 0 0 0 0 0 0 0 0 0 0 0 5 11 17 22 28 33 44 59 69 63 51 60 109 189 238 226 180 142 137 143 142 126 98 80 79 87 94 97 99 95 83 63 50 51 60 62 48 24 6 1 0 1 0 1 1 1 1 1 0 0 0 3 9 13 13 10 8 9 12 13 10 4 0 0 0 0 0 0 1 5 12 16 13
0 0 0 0 0 0 0 0 0 0 0 0 0 0 0 0 0 0 0 0 0 0 0 9 17 22 28 34 40 49 62 74 77 80 97 143 214 252 228 165 117 108 114 115 102 82 67 65 70 74 76 78 81 87 96 99 92 78 62 46 26 11 5 2 0 0 0 1 1 1 1 0 0 0 3 8 11 10 7 5 6 9 10 7 3 0 2 8 11 9 4 1 4 10 13 11
0 0 0 0 0 0 0 0 0 0 0 0 0 0 0 0 0 0 0 0 0 0 0 0 24 28 34 41 49 54 62 75 94 122 151 185 227 238 197 116 55 41 45 50 46 40 35 32 29 29 28 30 46 86 149 182 161 105 58 40 30 23 14 6 0 0 0 1 1 1 1 0 0 0 1 4 5 4 3 2 2 3 4 2 0 0 8 22 30 25 13 3 2 4 6 5
0 0 0 0 0 0 0 0 0 0 0 0 0 0 0 0 0 0 0 0 0 0 0 0 33 33 40 47 54 60 66 72 108 143 179 199 215 205 155 70 6 0 2 11 13 16 16 13 7 5 7 13 38 96 185 232 202 122 58 39 35 31 22 9 1 0 0 1 1 1 1 1 1 0 0 0 0 0 0 0 0 0 0 0 0 0 11 30 39 33 18 5 1 0 1 1
0 0 0 0 0 0 0 0 0 0 0 0 0 0 0 0 0 0 0 0 0 0 0 0 22 22 32 43 53 57 60 64 90 116 157 167 170 153 111 42 0 0 9 26 28 27 25 21 16 19 31 53 84 128 190 219 191 123 67 49 41 34 23 10 1 0 0 1 1 0 0 0 0 0 0 0 0 0 0 0 0 1 2 0 0 0 9 25 33 28 14 3 0 0 0 0
0 0 0 0 0 0 0 0 0 0 0 0 0 0 0 0 0 0 0 0 0 0 0 0 11 11 24 38 52 53 54 55 73 90 103 101 91 74 49 13 0 9 45 71 70 59 50 47 47 59 88 134 168 179 179 168 148 114 83 65 49 34 22 11 2 0 0 0 0 0 0 0 0 0 0 0 0 0 0 0 2 4 6 4 1 0 4 12 16 13 6 1 0 0 0 0
0 0 0 0 0 0 0 0 0 0 0 0 0 0 0 0 0 0 0 0 0 0 0 0 0 0 16 33 50 49 48 47 55 63 71 60 39 21 8 0 0 31 85 122 118 93 77 80 93 116 152 205 232 211 159 116 102 96 88 73 52 34 24 15 9 5 2 0 0 0 0 0 0 0 0 0 0 0 0 0 3 6 8 7 3 0 1 3 4 3 1 0 0 0 1 0
0 0 0 0 0 0 0 0 0 0 0 0 0 0 0 0 0 0 0 0 0 0 0 0 0 0 16 33 50 42 36 31 55 79 90 75 41 14 0 0 0 44 121 171 163 124 103 119 158 194 220 247 248 207 132 75 63 68 71 62 48 36 31 28 24 17 9 2 1 3 4 3 1 0 0 0 0 0 0 0 2 5 7 6 2 0 0 2 3 4 4 4 3 1 0 2
0 0 0 0 0 0 0 0 0 0 0 0 0 0 0 0 0 0 0 0 0 0 0 0 0 0 0 0 0 0 20 16 55 95 137 121 73 32 9 0 1 62 166 234 220 163 135 173 251 304 307 285 243 183 93 28 15 27 39 39 38 38 42 48 48 37 19 5 4 7 9 7 3 0 0 0 0 0 0 0 1 3 3 2 1 0 2 5 8 10 11 10 7 2 0 4
0 0 0 0 0 0 0 0 0 0 0 0 0 0 0 0 0 0 0 0 0 0 0 0 0 0 0 0 0 0 0 0 56 111 166 154 107 66 41 19 29 92 201 271 252 185 154 205 305 367 355 300 232 163 70 4 0 4 19 25 31 39 48 59 62 49 25 7 5 10 12 10 4 0 0 0 0 0 0 0 0 0 0 0 0 0 3 8 12 14 15 14 10 3 1 7
0 0 0 0 0 0 0 0 0 0 0 0 0 0 0 0 0 0 0 0 0 0 0 0 0 0 0 0 0 0 32 32 68 105 109 120 117 110 99 83 89 138 219 267 241 172 140 187 282 342 333 284 223 160 75 14 0 8 19 21 24 29 39 52 57 45 23 6 4 8 10 8 3 0 0 0 0 0 0 0 0 0 0 0 0 0 4 10 14 14 13 11 8 5 4 9
0 0 0 0 0 0 0 0 0 0 0 0 0 0 0 0 0 0 0 0 0 0 0 0 0 0 0 0 0 0 63 63 81 99 14 60 126 176 189 186 187 204 230 235 201 139 108 140 212 262 264 242 207 163 99 50 34 32 31 25 17 15 21 35 41 33 16 3 1 3 4 3 1 0 0 0 0 0 0 0 0 0 0 0 0 1 5 11 14 13 7 4 5 7 10 12
0 0 0 0 0 0 0 0 0 0 0 0 0 0 0 0 0 0 0 0 0 0 0 0 0 0 0 0 0 0 99 99 98 97 93 127 185 232 255 270 271 256 225 193 164 130 115 134 178 209 212 203 185 162 127 97 82 69 58 47 34 26 25 30 31 24 13 5 2 1 0 0 0 0 0 0 0 0 0 0 0 0 1 0 0 1 4 10 13 11 4 1 3 10 14 15
0 0 0 0 0 0 0 0 0 0 0 0 0 0 0 0 0 0 0 0 0 0 0 0 0 0 0 0 0 0 613 613 600 586 433 380 309 265 272 309 320 277 199 145 145 172 195 203 208 201 174 129 101 106 130 145 138 119 103 96 92 84 71 52 36 27 20 14 9 4 0 0 0 3 11 22 27 23 11 2 1 1 2 1 1 1 3 8 10 9 6 5 8 13 17 20
0 0 0 0 0 0 0 0 0 0 0 0 0 0 0 0 0 0 0 0 0 0 0 0 0 0 0 0 0 0 1128 1127 1101 1075 1013 807 505 293 267 334 364 287 153 79 127 249 332 329 281 218 143 38 0 29 135 212 217 191 170 174 185 181 148 93 49 36 33 30 21 10 2 0 1 10 28 57 72 59 30 7 1 3 4 3 2 1 1 3 5 7 11 14 15 17 20 26
0 0 0 0 0 0 0 0 0 0 0 0 0 0 0 0 0 0 0 0 0 0 0 0 0 0 0 0 0 0 1634 1634 1597 1560 1521 1197 682 309 251 340 387 289 120 34 111 291 418 422 368 300 232 139 91 126 215 278 277 247 223 226 239 231 187 113 57 41 42 41 31 16 6 2 3 13 37 75 95 79 39 9 2 4 6 4 2 1 0 0 1 6 14 20 20 18 19 28
0 0 0 0 0 0 0 0 0 0 0 0 0 0 0 0 0 0 0 0 0 0 0 0 0 0 0 0 0 0 1182 1182 1376 1570 1846 1462 762 251 182 312 391 288 100 0 57 220 356 405 430 453 493 541 550 497 394 310 279 264 250 235 219 192 152 94 51 39 42 42 34 21 12 7 5 11 30 61 77 64 32 7 1 3 4 3 2 1 0 0 0 5 13 19 19 15 14 21
0 0 0 0 0 0 0 0 0 0 0 0 0 0 0 0 0 0 0 0 0 0 0 0 0 0 0 0 0 0 730 731 1156 1581 2153 1732 828 160 82 259 376 279 88 0 0 90 221 342 510 696 924 1216 1322 1118 683 343 257 265 267 220 153 98 70 50 38 34 36 37 34 28 21 15 7 5 12 27 34 28 14 3 1 1 2 1 1 0 0 0 0 4 11 16 14 9 6 9
0 0 0 0 0 0 0 0 0 0 0 0 0 0 0 0 0 0 0 0 0 0 0 0 0 0 0 0 0 0 281 282 936 1589 2244 1883 984 293 168 262 333 262 140 69 78 140 262 421 663 939 1277 1717 1882 1588 955 452 303 278 256 183 92 27 10 18 27 28 31 32 32 31 27 20 9 1 0 0 1 1 0 0 0 0 0 0 0 0 0 0 1 4 10 13 11 5 0 0
0 0 0 0 0 0 0 0 0 0 0 0 0 0 0 0 0 0 0 0 0 0 0 0 0 0 0 0 0 0 187 188 752 1316 1958 1824 1310 840 602 384 253 238 304 385 432 494 594 718 898 1123 1434 1853 2018 1763 1198 713 492 328 207 122 59 21 7 14 22 24 26 27 28 28 25 19 8 0 0 0 0 0 0 0 0 0 0 0 0 0 0 0 1 4 9 11 10 5 2 2
0 0 0 0 0 0 0 0 0 0 0 0 0 0 0 0 0 0 0 0 0 0 0 0 0 0 0 0 0 0 93 94 568 1042 1391 1628 1794 1729 1317 592 130 201 568 893 1015 1101 1170 1214 1248 1335 1533 1827 1954 1812 1472 1106 792 403 119 27 29 42 30 23 19 18 20 21 21 22 19 14 6 0 0 0 0 0 0 0 0 0 0 0 0 0 1 2 3 5 8 10 10 8 8 10
0 0 0 0 0 0 0 0 0 0 0 0 0 0 0 0 0 0 0 0 0 0 0 0 0 0 0 0 0 0 0 1 388 775 1156 1577 2074 2198 1682 680 43 166 708 1190 1395 1554 1644 1643 1574 1538 1602 1718 1755 1685 1525 1274 923 417 50 0 7 55 46 30 18 15 16 17 17 17 15 11 5 1 0 0 1 0 0 0 2 6 8 6 2 1 3 9 13 13 12 11 11 10 11 14
0 0 0 0 0 0 0 0 0 0 0 0 0 0 0 0 0 0 0 0 0 0 0 0 0 0 0 0 0 0 14 16 604 1193 1630 1874 2004 1879 1386 542 24 136 615 1084 1377 1694 1901 1939 1873 1777 1696 1577 1448 1351 1231 1041 748 328 25 0 0 43 39 28 20 17 17 17 17 17 15 12 8 4 4 4 4 0 0 0 21 59 80 65 29 5 8 25 37 35 26 17 14 10 9 11
0 0 0 0 0 0 0 0 0 0 0 0 0 0 0 0 0 0 0 0 0 0 0 0 0 0 0 0 0 0 29 31 821 1612 2559 2393 1708 1056 661 250 40 102 374 734 1138 1696 2096 2222 2208 2061 1788 1337 958 782 657 527 364 160 16 0 0 21 22 23 24 23 22 20 20 19 18 16 13 10 10 10 9 0 0 0 52 145 195 160 73 11 16 51 75 68 47 28 18 9 4 4
0 0 0 0 0 0 0 0 0 0 0 0 0 0 0 0 0 0 0 0 0 0 0 0 0 0 0 0 0 0 45 47 1034 2022 3014 2565 1360 389 102 37 67 88 187 436 881 1559 2057 2228 2244 2074 1703 1082 574 351 215 124 64 33 16 4 2 3 8 18 25 25 23 20 19 19 18 17 16 15 15 15 14 2 0 0 72 191 255 210 97 18 22 65 93 84 57 32 20 9 2 0
0 0 0 0 0 0 0 0 0 0 0 0 0 0 0 0 0 0 0 0 0 0 0 0 0 0 0 0 0 0 220 221 886 1551 2543 2117 1035 188 0 18 102 112 155 331 699 1270 1687 1818 1812 1660 1357 857 442 242 100 14 0 2 19 14 4 0 1 8 14 15 14 13 13 12 12 13 15 17 17 18 17 11 2 16 72 163 211 175 87 24 25 55 76 67 45 26 17 10 5 2
0 0 0 0 0 0 0 0 0 0 0 0 0 0 0 0 0 0 0 0 0 0 0 0 0 0 0 0 0 0 395 396 738 1080 1476 1221 608 137 39 86 154 163 182 274 477 793 1012 1050 993 889 768 582 405 266 113 9 0 11 31 24 10 0 0 0 0 0 0 1 2 2 3 7 13 17 19 19 22 26 32 43 61 87 99 85 54 30 27 31 34 28 19 12 11 12 12 9
0 0 0 0 0 0 0 0 0 0 0 0 0 0 0 0 0 0 0 0 0 0 0 0 0 0 0 0 0 0 576 575 595 615 636 508 287 127 101 136 176 185 194 230 313 440 509 468 359 282 298 356 367 286 138 30 14 38 56 44 20 2 0 0 0 0 0 0 0 0 0 5 12 18 20 21 24 35 51 58 48 27 13 15 26 31 25 12 1 0 0 1 5 12 15 13
0 0 0 0 0 0 0 0 0 0 0 0 0 0 0 0 0 0 0 0 0 0 0 0 0 0 0 0 0 0 1288 1311 1063 815 422 280 176 115 99 121 146 152 158 187 261 373 420 343 182 80 116 226 286 235 119 36 38 78 101 81 37 6 6 22 33 32 24 18 14 9 7 9 14 18 19 20 22 28 37 38 27 5 0 0 15 25 19 5 0 0 0 0 3 9 13 11
0 0 0 0 0 0 0 0 0 0 0 0 0 0 0 0 0 0 0 0 0 0 0 0 0 0 0 1148 1149 1534 1823 2048 1531 1015 434 221 159 135 97 81 80 82 97 147 261 433 508 405 180 25 34 124 184 161 99 62 86 142 169 134 61 13 24 65 93 88 68 50 40 30 23 19 18 17 17 18 16 12 6 1 0 0 0 1 8 11 9 2 0 0 0 0 1 4 6 6
0 0 0 0 0 0 0 0 0 0 0 0 0 0 0 0 0 0 0 0 0 0 0 0 0 0 0 1151 1151 1691 2231 2768 1989 1209 433 188 147 139 86 45 27 27 47 110 243 446 540 434 193 17 3 60 109 108 93 93 126 181 202 160 75 23 44 107 147 137 101 69 57 48 40 33 26 22 22 24 24 22 18 15 14 13 11 8 4 1 0 1 1 1 1 1 1 1 1 1
0 0 0 0 0 0 0 0 0 0 0 0 0 0 0 0 0 0 0 0 0 0 0 0 0 0 0 1430 1313 1493 1672 1849 1328 807 306 117 99 104 63 26 9 8 24 72 174 329 403 326 148 18 3 39 77 92 108 124 145 171 174 136 66 30 64 141 187 165 106 59 51 56 59 52 40 33 35 42 55 79 114 128 109 65 28 13 4 0 0 0 1 2 4 5 4 2 0 0
0 0 0 0 0 0 0 0 0 0 0 0 0 0 0 0 0 0 0 0 0 0 0 0 2131 2130 1851 1640 1476 1294 1113 931 668 405 128 49 42 44 26 10 2 2 9 30 72 136 171 153 99 58 49 52 66 94 139 166 159 133 105 78 44 39 89 180 228 190 99 34 34 63 84 78 60 52 56 71 105 173 273 318 268 152 56 22 7 0 0 0 1 4 9 11 9 4 0 0
0 0 0 0 0 0 0 0 0 0 0 0 0 0 0 0 0 0 0 0 0 0 0 0 2142 2142 1979 1816 1652 1109 565 23 15 7 0 0 0 0 0 0 0 0 0 0 0 0 0 21 58 84 85 76 79 111 162 186 159 97 51 39 43 65 118 201 240 196 96 28 32 71 101 96 77 70 77 96 140 227 358 418 353 201 77 32 10 0 0 0 1 5 11 14 12 6 1 0
0 0 0 0 0 0 0 0 0 0 0 0 0 0 0 0 0 0 0 0 0 0 0 0 3302 3302 3284 3267 3247 2239 1230 223 149 74 0 0 0 0 0 0 0 0 0 0 0 0 0 0 28 67 89 109 127 148 171 174 140 78 40 48 83 119 148 182 192 160 96 53 56 82 102 100 89 86 93 110 144 208 304 345 294 178 80 40 15 0 0 0 1 4 9 12 11 8 5 3
0 0 0 0 0 0 0 0 0 0 0 0 0 0 0 0 0 0 0 0 0 0 0 0 4462 4462 4590 4718 4842 3369 1895 424 283 141 0 0 0 0 0 0 0 0 0 0 0 0 0 0 0 29 82 160 209 207 174 138 104 60 44 81 154 199 186 140 103 96 100 103 100 97 95 96 99 104 111 121 131 144 161 163 145 110 76 50 21 1 0 0 1 2 4 6 8 10 10 8
0 0 0 0 0 0 0 0 0 0 0 0 0 0 0 0 0 0 0 0 0 0 0 0 5610 5610 5878 6145 6407 4481 2555 633 422 211 0 0 0 0 0 1 0 0 0 0 0 0 0 0 0 0 68 178 245 227 160 101 71 46 51 102 195 247 218 141 88 97 135 159 145 113 90 90 102 112 116 120 112 87 46 21 29 55 69 55 25 1 0 0 1 1 0 1 5 10 13 11
0 0 0 0 0 0 0 0 0 0 0 0 0 0 0 0 0 0 0 0 0 0 0 0 5610 5609 5333 5127 4965 3857 2750 1644 1234 705 0 0 0 0 51 102 98 87 27 0 0 0 0 0 0 0 49 139 194 178 121 74 54 41 51 95 170 226 236 227 218 223 230 221 185 125 81 74 85 94 96 97 87 58 11 0 0 38 63 53 25 2 0 0 1 0 0 0 3 8 11 9
0 0 0 0 0 0 0 0 0 0 0 0 0 0 0 0 0 0 0 0 0 0 0 0 0 0 0 3818 3523 3234 2945 2656 2279 0 0 0 0 0 102 203 266 234 80 0 0 0 0 0 0 0 22 60 84 79 57 42 38 39 53 73 108 164 251 376 452 441 377 301 231 139 72 52 55 60 59 58 51 32 2 0 1 33 53 45 22 3 0 0 1 0 0 1 2 4 5 4
0 0 0 0 0 0 0 0 0 0 0 0 0 0 0 0 0 0 0 0 0 0 0 0 0 0 0 2094 2096 2616 3136 3653 3659 0 0 0 30 18 165 311 455 381 189 36 0 0 0 0 0 0 0 0 0 3 9 18 27 39 56 65 78 134 263 462 582 559 450 336 255 160 90 65 63 62 53 43 33 23 11 6 15 33 43 36 19 5 1 0 0 0 1 1 1 1 1 1
0 0 0 0 0 0 0 0 0 0 0 0 0 0 0 0 0 0 0 0 0 0 0 0 0 0 0 2094 2096 2576 2934 3213 3787 0 0 0 2563 1787 1412 1036 525 387 305 241 180 123 75 41 9 0 0 0 0 0 0 10 22 39 64 87 121 180 279 424 506 477 377 283 232 182 147 135 137 131 107 71 43 34 33 34 34 35 33 27 16 8 4 2 0 0 1 1 1 1 0 0
0 0 0 0 0 0 0 0 0 0 0 0 0 0 0 0 0 0 0 0 0 0 0 0 0 0 0 0 0 0 2675 2773 3883 5305 7184 5634 4467 3556 2658 1761 608 372 488 584 492 341 205 117 29 0 0 0 0 0 0 10 22 41 75 129 208 269 297 311 304 271 210 172 180 214 242 255 264 251 205 128 73 64 76 81 67 42 22 15 13 11 8 4 1 0 1 1 1 1 1 1
