MonroviaFiles/popd.txt
ncols         210
nrows         204
xllcorner     -10.883333
yllcorner     6.091667
cellsize      0.002778
NODATA_value  -9999
[rows 0 to 64 of 204, columns 0 to 95 of 210]
1 1 1 0 0 1 3 4 3 2 0 4 8 11 8 4 0 0 0 0 0 0 0 0 0 0 0 0 0 1 2 3 2 1 0 0 0 0 1 1 2 2 2 2 2 2 2 5 8 12 9 5 2 2 3 3 3 3 3 12 20 29 19 10 1 2 3 4 3 1 0 0 0 0 1 2 4 2 1 0 10 19 29 19 10 0 0 0 0 0 0 1 1 2 2 1
1 1 1 0 0 1 3 4 3 2 0 4 8 11 8 4 0 0 0 0 0 0 0 0 0 0 0 0 0 1 2 3 2 1 0 0 0 0 1 1 2 2 2 2 2 2 2 5 8 12 9 5 2 2 3 3 3 3 3 12 20 29 19 10 1 2 3 4 3 1 0 0 0 0 1 2 4 2 1 0 10 19 29 19 10 0 0 0 0 0 0 1 1 2 2 1
25 25 17 9 1 6 11 15 10 5 0 3 6 9 7 6 4 3 2 0 0 0 0 0 0 0 2 4 5 4 3 2 2 1 0 0 1 1 1 2 2 2 2 2 2 2 2 4 6 9 6 4 1 2 2 2 3 3 3 9 14 19 13 7 1 3 5 7 5 3 1 1 0 0 1 2 4 2 1 0 7 14 20 14 7 0 2 3 5 4 3 1 2 3 4 3
48 48 33 17 2 10 18 27 18 9 0 2 4 6 7 7 8 5 3 0 0 0 0 0 0 0 4 7 11 8 4 1 1 0 0 1 1 2 2 2 2 2 2 2 2 2 2 3 4 5 4 2 1 1 1 1 2 3 3 5 8 10 7 5 2 5 7 10 7 5 2 1 1 0 1 2 3 2 1 0 4 8 12 8 4 0 3 6 9 7 5 2 3 4 5 4
72 72 49 26 3 8 27 38 31 13 0 0 0 3 6 10 12 9 4 0 0 0 0 0 0 0 5 12 16 13 6 0 0 0 0 1 1 2 2 2 2 2 2 2 2 2 2 2 2 2 1 1 0 0 0 0 1 3 3 3 1 0 0 1 3 6 10 12 11 7 3 2 1 0 1 2 3 3 1 1 1 2 3 2 0 0 4 10 14 12 7 3 4 6 7 5
48 48 33 18 3 8 24 34 27 12 0 0 0 3 5 8 9 7 3 0 0 2 3 2 0 0 5 13 17 14 6 0 0 0 0 0 1 2 2 1 2 4 7 8 7 4 2 1 1 1 1 0 0 1 2 3 4 4 3 2 0 0 0 0 3 9 17 22 21 16 11 7 4 1 1 2 2 2 1 1 0 0 1 0 0 1 4 8 11 10 6 3 4 5 6 4
24 24 17 10 3 7 17 22 18 7 0 0 1 3 4 4 4 2 0 0 2 6 9 7 2 0 4 11 15 12 5 0 0 0 0 0 0 1 0 0 1 6 14 18 15 8 2 1 1 1 1 0 0 2 6 9 8 5 2 1 1 1 1 0 3 12 27 36 35 29 22 16 8 2 0 0 1 0 1 1 0 0 0 0 1 2 3 4 5 5 4 3 3 3 3 0
0 0 1 1 2 5 10 12 9 4 0 0 2 3 3 1 0 0 0 0 3 8 11 9 3 0 3 9 12 10 4 0 0 0 0 0 0 0 0 0 2 8 18 23 19 10 2 1 1 2 1 0 0 3 9 12 11 6 3 2 3 3 2 1 4 14 31 42 42 36 28 21 11 4 1 0 0 0 0 1 0 0 0 1 2 3 2 1 0 1 2 3 3 1 0 0
1 1 1 2 2 4 7 8 6 3 1 1 2 3 2 1 0 0 0 1 3 7 9 7 3 1 2 6 8 7 3 1 1 2 3 2 1 0 1 4 8 12 17 19 15 8 2 1 1 2 1 0 1 3 8 11 10 7 4 4 3 3 2 0 2 11 26 35 36 31 25 19 11 5 2 2 2 1 1 0 0 0 0 0 2 2 2 0 0 1 2 3 3 1 0 0
2 2 2 2 2 3 4 5 5 4 3 2 1 1 1 2 2 2 2 2 3 3 4 3 2 1 2 2 3 2 1 1 4 7 9 7 2 1 4 12 16 16 13 9 7 4 2 1 2 2 2 1 2 3 5 7 7 8 7 6 4 3 1 0 0 5 14 19 20 17 14 12 8 6 5 5 5 3 2 0 0 0 0 0 0 1 1 1 2 2 3 3 2 1 0 0
3 3 2 2 2 2 3 3 4 4 3 2 1 0 1 3 5 5 4 3 2 1 0 0 1 2 2 1 0 0 1 2 5 10 12 10 4 2 7 16 21 18 9 2 1 1 2 2 2 2 2 2 3 3 3 4 7 10 12 10 6 3 3 3 4 5 6 6 6 6 6 6 6 6 6 6 6 5 2 1 0 0 0 0 0 0 1 2 3 3 3 3 2 1 0 1
4 4 3 2 2 2 2 2 3 3 3 2 0 0 2 5 7 7 5 3 2 1 1 1 2 2 2 2 2 2 1 2 5 8 10 9 6 5 8 15 18 14 7 1 0 2 3 3 3 3 3 3 4 3 3 4 9 17 22 18 9 4 7 14 18 15 8 2 1 2 3 3 4 4 5 5 5 4 3 2 1 0 0 0 0 1 1 3 3 4 3 3 2 1 0 0
5 5 4 3 2 2 2 2 2 1 1 0 0 0 2 7 10 9 6 3 3 3 3 3 2 2 3 6 7 6 3 2 3 4 6 7 9 9 10 10 10 8 5 3 3 3 4 4 4 4 4 5 5 4 3 5 14 28 35 29 13 5 13 31 40 32 15 1 0 0 1 1 1 1 2 2 2 3 4 4 3 0 0 0 0 2 3 3 3 3 3 3 2 1 0 0
6 6 4 3 2 2 2 2 2 1 0 0 0 0 3 8 11 10 6 3 3 4 5 4 2 2 5 9 12 10 6 2 1 2 3 5 10 12 10 6 3 3 3 4 4 4 5 5 5 5 5 5 6 5 3 6 17 34 42 34 16 6 17 39 51 41 18 1 0 0 0 0 0 0 0 0 0 2 4 6 5 2 0 0 2 3 3 3 3 3 3 3 2 1 0 0
4 4 3 2 1 2 3 3 2 1 0 1 2 4 5 8 9 7 4 2 2 4 5 4 2 2 6 13 17 14 8 3 2 2 3 5 9 10 9 5 2 1 3 4 4 4 4 4 4 4 4 5 5 4 3 6 15 30 37 30 14 5 13 32 41 33 14 0 0 0 0 1 2 3 2 0 0 0 3 5 7 8 8 7 5 3 3 3 3 3 3 2 2 1 1 0
2 2 2 1 0 1 3 5 4 2 2 3 7 9 8 6 4 3 1 1 1 2 3 3 2 3 8 17 22 19 11 5 3 3 4 5 6 6 5 3 2 2 2 3 3 3 3 3 3 3 3 4 4 4 3 5 10 19 24 19 9 3 6 14 18 14 6 0 0 0 0 2 7 9 6 1 0 0 0 4 10 18 22 18 10 3 2 2 3 3 2 2 2 2 2 1
0 0 0 0 0 2 4 5 5 3 3 5 9 11 9 4 0 0 0 0 0 1 2 2 1 3 9 19 24 21 12 5 4 4 5 4 3 3 2 2 2 2 2 2 2 2 2 2 2 2 2 3 3 3 3 4 6 10 12 11 7 4 3 1 0 0 0 0 0 0 0 4 9 12 10 4 0 0 0 3 11 23 29 24 12 3 1 2 3 2 2 2 2 2 3 3
0 0 1 3 4 4 4 4 4 3 3 5 8 9 7 3 0 0 0 0 0 1 2 2 1 3 9 18 22 19 11 5 3 4 4 3 2 1 1 1 2 1 1 1 1 1 1 2 2 2 2 3 3 3 3 3 4 6 8 10 12 12 9 2 0 0 0 1 1 0 1 3 8 10 11 10 8 6 3 3 8 18 23 20 10 3 1 1 2 2 2 2 2 2 3 5
0 0 3 5 9 8 5 2 2 2 3 3 4 4 3 1 0 0 0 0 0 1 2 2 2 3 7 13 17 14 9 4 2 2 1 1 1 1 0 1 1 0 0 0 0 0 1 1 1 2 2 2 3 3 3 3 3 3 6 12 21 26 20 8 0 0 0 1 1 1 2 3 4 6 11 18 21 18 9 3 4 8 10 9 6 3 2 1 1 1 3 3 3 2 3 8
0 0 4 8 12 10 4 0 0 2 3 2 1 0 0 0 0 0 0 0 0 1 2 2 2 3 5 9 11 10 6 3 1 0 0 0 0 0 0 0 0 0 0 0 0 0 0 1 1 2 2 2 3 3 3 3 2 2 4 13 26 32 27 13 2 0 1 2 2 2 3 2 1 3 10 22 28 24 12 3 0 0 0 1 2 3 2 1 0 1 2 4 3 2 3 9
1 1 3 6 10 8 3 0 0 2 2 2 1 0 0 0 1 0 0 0 0 1 2 2 2 2 3 5 7 6 4 2 1 0 0 0 0 0 0 0 0 0 0 0 0 0 0 0 1 2 2 2 2 2 2 2 1 1 3 10 21 27 22 11 3 1 1 2 2 3 3 2 1 2 8 18 23 19 10 2 0 0 0 0 2 3 2 1 0 0 2 3 3 2 3 8
1 1 3 4 6 5 2 0 0 1 2 2 1 1 1 1 1 1 1 1 1 2 2 2 1 1 1 1 1 1 1 1 1 1 1 1 1 1 1 1 1 0 0 0 0 0 0 1 1 2 2 2 2 2 1 0 0 1 3 6 10 13 11 7 3 2 2 2 2 2 3 2 2 2 4 8 10 9 4 1 0 1 1 2 3 3 2 1 0 0 0 1 2 2 3 5
2 2 2 2 3 2 1 0 0 2 3 3 2 2 2 2 2 1 1 1 2 2 2 1 1 0 0 0 0 0 0 0 0 1 1 1 1 1 1 1 1 1 1 2 2 2 2 2 2 2 2 3 3 3 3 3 3 3 3 3 2 2 3 3 3 3 2 2 2 2 2 2 2 2 2 1 1 0 0 0 1 2 3 3 3 3 2 1 0 0 0 0 1 3 4 3
2 2 2 2 2 1 0 0 0 2 3 3 2 2 2 1 1 1 1 2 2 2 1 1 0 0 2 5 6 5 2 0 0 1 2 2 1 1 1 1 1 2 3 5 6 7 8 7 4 2 2 4 6 9 13 14 12 6 2 1 1 1 2 2 2 2 2 2 2 2 2 2 2 2 1 0 0 0 0 0 1 2 2 3 2 2 1 0 0 0 0 0 2 5 7 5
2 2 2 2 2 1 0 0 0 2 3 3 3 2 2 1 1 1 1 2 2 1 1 0 0 1 6 14 17 14 7 1 0 1 2 2 1 1 1 0 1 3 6 9 12 16 17 13 7 2 3 6 10 18 28 33 26 12 1 0 2 4 4 2 1 1 2 2 2 1 1 1 2 2 2 0 0 0 0 0 0 0 1 1 1 1 1 0 0 0 0 0 3 8 11 9
2 2 2 2 2 1 0 0 1 3 5 5 3 2 2 2 3 3 3 3 3 2 2 2 1 2 8 18 24 20 10 2 0 1 2 2 1 1 1 0 1 3 7 11 15 20 21 17 8 2 3 6 12 22 36 42 33 14 1 0 4 7 5 2 0 0 1 2 2 2 2 2 2 2 2 1 0 0 0 0 0 0 0 0 0 0 0 0 0 0 0 0 4 10 13 11
2 2 2 2 2 2 1 1 3 8 11 9 5 2 4 7 9 9 7 5 6 7 7 6 2 2 6 15 20 17 9 2 1 1 1 1 1 1 1 0 1 3 6 9 12 16 17 13 7 2 2 5 10 17 28 32 26 12 1 0 4 7 5 3 1 1 1 2 4 7 8 7 5 2 1 1 0 0 0 0 0 0 0 0 0 0 0 0 0 0 0 0 3 8 11 9
2 2 2 2 2 2 1 2 7 15 20 16 7 2 6 14 19 18 13 9 11 14 16 12 5 0 2 7 10 9 5 2 1 1 0 1 1 2 1 1 1 2 3 5 6 7 7 6 4 2 2 3 4 7 10 12 10 5 2 2 4 6 5 4 3 2 1 2 7 15 18 15 8 2 1 1 1 1 0 0 0 1 1 1 0 0 0 0 0 0 0 0 1 4 6 5
2 2 2 3 3 2 1 3 9 19 24 19 8 2 7 18 25 23 16 11 13 19 21 16 7 0 0 1 2 3 3 2 2 1 0 0 1 2 2 1 1 1 1 1 1 0 0 0 2 2 2 1 0 0 0 0 1 2 3 4 4 5 5 5 4 3 1 2 8 18 24 20 10 2 0 1 2 1 0 0 0 1 2 2 1 0 0 0 0 0 0 0 1 2 2 2
25 25 18 11 1 0 0 3 8 16 20 16 7 2 6 15 21 19 13 9 12 18 21 16 7 0 0 0 1 1 2 2 2 1 0 1 1 1 1 1 1 1 1 1 0 0 0 0 2 2 1 0 0 1 6 9 8 5 3 3 4 5 5 4 4 3 1 2 7 15 20 16 8 1 0 1 2 1 0 0 0 2 2 2 0 0 0 0 0 1 3 4 4 3 2 1
49 49 34 19 0 0 0 2 4 8 9 7 3 1 3 7 10 9 6 5 8 14 17 14 7 2 0 1 2 2 2 2 2 1 1 1 1 1 1 1 1 1 2 2 1 1 0 1 2 3 0 0 0 6 22 30 26 13 3 1 3 5 4 3 2 2 1 2 4 8 10 8 4 1 0 1 2 1 0 0 0 1 2 1 0 0 0 0 0 3 8 10 9 5 2 1
72 72 49 27 4 0 0 2 1 1 1 1 2 2 2 2 2 2 1 2 5 10 13 11 6 3 2 2 2 2 2 2 2 2 2 2 2 3 2 2 2 2 2 2 2 2 2 2 3 3 1 0 0 12 32 42 35 17 3 0 3 5 5 5 5 4 3 2 2 2 2 2 2 2 2 2 2 1 0 0 0 1 2 1 0 0 0 0 0 4 10 13 11 6 2 1
49 49 41 34 24 16 7 2 0 0 0 1 3 5 4 2 0 0 0 1 3 7 10 9 5 3 2 2 2 3 5 5 5 3 2 4 7 8 8 6 5 4 2 2 1 1 2 1 1 2 3 6 10 18 30 35 29 14 3 0 2 5 8 13 15 13 7 3 1 0 1 2 6 8 6 4 1 0 0 0 0 0 1 2 3 4 3 1 0 3 8 11 9 5 2 3
26 26 34 41 56 44 20 2 0 0 1 3 7 9 8 4 1 0 0 0 2 4 5 5 4 3 2 1 2 4 8 11 9 4 2 6 13 18 17 13 9 6 3 1 0 0 1 0 0 1 8 19 27 26 22 17 13 7 3 1 1 4 12 26 32 27 14 4 1 0 2 6 13 16 13 6 0 0 0 0 0 0 0 3 7 9 8 3 0 1 3 4 4 2 3 6
3 3 26 49 72 59 27 2 0 0 2 5 9 12 10 5 2 1 1 2 2 2 2 2 2 2 2 1 2 5 10 13 11 5 2 7 16 22 21 16 11 8 4 1 0 1 1 0 0 0 11 27 36 30 15 3 1 1 3 2 1 4 15 32 41 35 18 5 1 0 2 8 17 21 17 7 0 0 0 1 0 0 0 3 9 12 10 4 0 0 0 0 0 0 2 8
3 3 18 34 59 49 23 2 0 0 2 4 8 10 9 5 2 3 4 5 5 3 2 2 2 2 2 2 3 5 9 11 9 4 2 6 14 19 18 14 10 8 5 4 3 3 3 2 0 1 10 25 32 26 12 0 0 0 0 0 1 5 15 28 35 30 17 6 3 1 2 7 16 21 17 7 0 0 0 0 0 0 0 2 7 10 8 4 0 0 0 0 0 0 2 7
3 3 11 19 28 24 12 3 1 1 3 4 5 6 5 4 3 5 9 11 10 7 4 3 1 1 1 2 4 5 6 6 5 3 2 4 7 9 9 8 7 8 8 8 8 7 7 5 3 4 8 17 21 17 9 1 0 0 0 0 1 7 12 18 20 18 13 8 4 1 1 5 13 17 14 6 0 0 0 0 0 0 0 1 3 4 3 1 0 0 2 3 2 0 1 5
3 3 3 4 4 4 5 5 5 4 3 3 3 3 3 3 4 7 11 14 12 9 5 3 1 0 1 3 4 4 3 2 2 2 2 2 2 2 3 4 5 7 9 11 11 10 9 7 5 5 6 9 11 9 5 3 2 2 2 4 6 8 9 8 8 9 9 9 6 2 0 3 9 13 10 4 0 0 0 0 0 0 0 0 0 0 0 0 0 1 3 4 3 0 0 3
3 3 3 3 0 1 6 9 8 5 2 1 1 1 2 2 4 6 10 12 11 7 4 3 1 0 1 3 4 3 2 2 2 2 2 2 1 1 2 3 4 6 8 10 9 7 6 5 4 4 4 6 7 5 1 3 14 33 43 37 21 8 5 4 5 6 9 10 8 3 0 2 7 10 8 3 0 0 0 0 0 0 0 0 0 0 0 0 0 1 3 3 2 0 0 2
3 3 3 3 1 5 12 16 13 7 1 0 0 0 1 2 3 4 6 7 6 3 2 1 1 1 1 2 2 2 2 2 2 2 2 2 3 3 3 3 3 4 5 6 5 2 1 0 1 2 2 3 4 1 0 4 34 84 110 91 44 8 0 1 5 7 11 12 9 4 0 1 4 6 5 1 0 0 0 0 0 0 0 0 0 0 0 0 0 1 1 1 1 0 0 1
3 3 3 3 3 8 18 22 18 8 1 0 0 0 0 1 2 2 3 3 2 1 0 0 1 2 2 2 2 2 2 2 3 3 3 4 4 4 4 4 4 3 3 3 3 3 3 2 1 0 1 2 3 0 0 5 45 110 144 119 56 7 0 0 5 8 11 13 11 6 2 2 3 3 3 1 0 0 0 0 0 0 0 0 0 0 0 0 0 0 0 0 0 0 0 0
2 2 2 2 2 10 22 29 23 11 1 0 0 0 0 0 1 2 2 2 1 1 0 0 1 2 3 4 5 4 2 2 3 5 7 6 4 3 4 5 6 4 2 2 7 15 19 15 7 1 0 3 6 2 0 5 38 91 118 97 45 5 0 0 5 8 12 14 13 9 7 5 3 2 3 4 5 5 4 4 3 2 1 0 0 0 0 0 0 0 0 0 0 0 0 0
1 1 1 1 1 11 28 36 30 14 1 0 0 0 0 0 1 1 2 3 2 2 1 1 1 2 4 8 10 7 3 0 3 9 12 10 5 1 3 7 10 7 2 2 15 35 46 38 17 2 1 6 10 8 4 6 20 42 54 44 20 2 0 1 5 8 11 14 15 15 14 10 5 3 4 9 12 12 11 10 7 4 2 1 0 0 0 0 0 0 0 0 0 0 0 0
0 0 0 0 0 11 29 38 32 15 2 0 0 0 0 0 0 1 2 3 3 3 2 2 1 2 5 10 13 10 3 0 3 11 16 12 5 0 2 8 11 8 2 3 19 46 60 49 23 3 2 8 13 12 9 7 6 5 4 3 1 0 1 3 5 7 10 13 15 17 17 14 7 4 6 12 16 16 15 13 10 5 2 1 0 0 0 0 0 0 0 0 0 0 0 0
1 1 1 0 0 10 25 33 27 12 1 1 4 7 5 2 0 0 0 0 0 1 2 2 1 2 5 11 14 11 5 1 5 12 16 13 5 0 1 6 9 6 1 3 16 38 50 41 19 3 2 7 12 11 10 7 3 0 0 0 0 1 2 2 3 5 8 11 12 14 14 12 8 6 8 10 13 13 13 11 7 0 0 0 0 1 1 1 0 0 0 0 0 0 0 0
1 1 1 1 0 6 16 21 17 7 1 4 12 17 14 6 0 0 0 0 0 0 1 2 1 1 5 11 14 12 6 3 6 12 15 12 5 0 0 2 4 3 1 3 9 19 25 20 10 3 2 5 8 8 9 8 5 1 0 0 1 3 2 1 1 2 5 7 7 6 5 7 9 11 10 7 5 5 7 5 0 0 0 0 0 2 3 2 0 0 0 0 0 0 0 0
2 2 1 1 0 3 8 11 9 3 1 6 17 22 18 8 0 0 0 0 0 1 2 2 1 2 5 10 13 11 7 5 7 11 13 10 4 0 0 1 3 3 3 3 3 4 5 4 4 3 4 4 5 6 7 7 6 5 3 4 4 5 4 3 2 2 4 4 4 3 3 6 11 13 11 6 2 1 2 2 2 1 0 1 2 3 3 1 0 0 0 0 0 0 0 0
1 1 1 0 0 2 6 8 6 2 0 5 13 18 15 7 3 8 18 24 21 11 4 2 2 3 5 9 11 9 6 4 5 8 9 7 2 0 2 7 10 9 6 3 1 0 0 1 4 6 6 6 5 5 6 5 5 3 3 3 5 6 8 10 10 9 5 4 5 9 12 12 12 11 11 10 9 6 2 4 20 45 58 48 23 3 0 0 0 0 0 0 0 0 0 0
1 1 0 0 0 2 5 6 5 1 0 2 6 9 7 4 7 24 50 63 53 28 8 3 3 4 5 6 7 6 3 2 2 3 4 2 0 0 6 17 24 20 11 3 0 0 0 2 7 10 10 9 7 6 4 2 2 2 2 3 5 8 13 21 24 19 9 4 10 21 28 24 14 7 10 17 21 15 3 10 50 118 152 124 56 3 0 0 0 0 0 0 0 0 0 0
0 0 0 0 0 1 4 5 4 2 0 0 0 1 1 2 11 33 67 84 71 38 11 4 4 5 4 4 4 3 1 0 0 0 0 0 0 0 9 24 31 26 13 3 0 1 3 6 10 13 13 11 8 6 2 0 1 2 4 5 6 9 16 26 31 25 11 4 12 28 38 32 18 9 12 22 28 20 5 13 67 157 203 165 73 2 0 0 0 0 0 0 0 0 0 0
0 0 0 0 0 1 2 3 3 4 3 2 0 0 1 4 12 30 56 70 59 33 12 6 4 4 3 3 3 2 2 1 0 0 0 0 0 3 10 20 25 20 9 1 1 4 7 9 12 13 12 10 7 5 2 0 2 7 10 10 8 8 13 22 26 21 10 4 10 23 32 31 26 22 22 23 23 15 4 12 58 133 170 139 61 2 0 0 0 0 0 0 0 0 0 1
0 0 0 0 0 0 0 1 3 7 8 6 2 0 2 6 12 19 29 33 29 20 12 7 4 2 1 2 3 3 3 2 1 0 0 0 4 7 9 10 10 6 1 0 2 9 14 15 13 11 9 7 5 3 1 1 6 15 20 18 11 6 7 12 14 11 6 3 5 10 16 25 38 43 36 21 10 5 2 9 31 68 86 69 30 0 0 0 0 0 0 0 0 0 0 4
0 0 0 0 0 0 0 0 3 9 12 9 3 0 3 8 12 10 7 4 6 9 11 8 3 0 0 1 2 3 3 3 3 2 3 6 11 13 11 6 2 0 0 0 6 17 23 21 15 9 7 5 3 2 1 2 9 19 25 21 12 4 3 4 4 4 4 4 3 1 5 19 42 54 45 22 5 1 3 6 10 15 18 14 6 0 0 0 0 0 0 0 0 0 0 7
0 0 0 0 0 0 0 0 3 9 12 9 4 0 2 7 10 7 1 0 1 7 10 8 3 0 0 0 1 1 1 2 6 13 18 20 22 22 19 14 10 9 8 10 17 28 33 28 17 8 5 4 3 2 1 2 7 15 20 17 9 3 1 0 1 2 5 7 5 3 5 16 34 45 40 27 16 11 7 4 2 1 0 0 0 0 0 0 0 1 2 4 4 3 4 8
0 0 0 0 0 0 0 0 3 8 10 8 3 0 1 4 6 5 2 0 2 6 9 7 3 0 0 0 0 0 0 1 12 29 41 42 37 33 31 29 28 27 26 28 34 43 46 37 20 6 3 4 4 3 1 0 2 6 9 8 5 2 0 0 0 2 7 11 11 10 10 13 17 22 28 36 37 29 14 2 0 0 0 0 0 0 0 0 0 3 7 10 11 10 10 10
0 0 0 0 0 0 0 0 2 6 8 7 3 0 1 2 4 3 3 3 4 6 7 6 3 0 0 0 0 0 0 2 16 38 53 53 45 38 36 37 38 37 36 38 43 52 54 42 21 5 2 3 5 5 5 4 4 3 2 2 4 4 4 4 4 7 10 13 14 14 13 10 5 5 17 38 49 40 18 1 0 0 0 0 0 0 0 0 0 4 9 13 14 14 13 10
0 0 1 3 3 2 0 0 1 4 6 5 2 1 1 2 3 3 2 2 3 5 6 4 1 0 0 3 5 2 0 0 11 31 44 44 36 31 30 31 32 31 30 32 39 50 53 42 21 5 0 1 3 8 15 19 16 9 4 5 9 13 16 18 19 17 14 12 12 12 12 8 2 2 12 30 40 33 16 2 0 0 0 0 0 0 0 0 0 3 7 11 12 12 11 8
0 0 3 5 7 6 2 0 0 1 2 2 1 1 1 2 3 3 2 2 3 4 4 2 0 0 1 9 13 10 3 0 4 14 21 21 18 15 15 16 16 16 15 17 26 40 46 37 19 5 0 0 1 12 31 42 37 22 12 13 21 28 34 41 42 34 19 8 6 7 8 6 4 3 7 14 17 15 9 4 2 1 0 0 0 0 0 0 1 2 3 4 5 5 4 3
1 1 4 8 11 9 4 0 0 0 0 0 1 1 1 2 2 2 2 2 2 2 3 3 5 7 11 17 21 23 24 22 17 9 3 2 3 3 4 4 4 4 3 5 14 29 37 31 16 5 0 0 1 15 39 54 48 31 19 20 28 36 44 53 54 43 21 5 2 3 5 5 5 5 5 5 5 6 6 6 5 3 1 0 0 0 0 0 1 1 0 0 0 0 0 1
0 0 4 8 13 11 7 3 2 2 2 2 1 1 1 1 1 1 2 2 0 0 1 9 23 33 33 28 29 45 70 81 63 26 0 0 0 1 1 1 2 1 1 3 10 21 27 23 13 5 1 0 4 15 33 44 41 31 24 24 28 33 38 44 45 35 18 4 1 3 4 4 4 5 8 13 16 14 9 4 2 1 0 1 2 3 3 1 0 0 1 1 1 1 1 1
0 0 4 8 14 13 10 8 8 8 7 5 2 0 0 0 0 0 1 1 0 0 0 20 54 76 67 43 38 76 143 175 139 59 0 0 0 2 2 2 2 2 3 4 7 12 14 12 7 4 4 7 10 13 17 20 23 27 28 27 24 22 22 23 22 17 10 4 3 4 4 3 2 4 15 32 41 33 15 1 0 0 0 2 6 9 7 3 0 0 3 5 5 4 4 4
0 0 4 8 13 13 12 12 12 12 11 8 3 0 0 0 0 0 0 0 0 0 0 30 78 107 91 51 41 95 192 240 194 86 3 0 0 3 3 3 3 4 5 5 5 5 5 4 3 4 7 11 13 10 4 2 9 23 31 29 21 13 9 6 4 4 4 4 4 4 4 3 1 5 19 42 54 44 21 3 0 0 1 4 10 14 11 4 0 1 4 7 7 7 6 6
4 4 6 7 10 11 11 12 13 14 13 10 4 0 0 0 1 0 0 0 0 0 6 37 87 115 95 49 35 92 197 251 206 100 16 0 0 3 2 3 4 4 5 5 4 3 2 2 3 4 7 10 12 8 1 0 7 23 32 29 18 9 5 2 1 1 3 4 4 4 4 3 3 7 17 34 44 39 26 15 11 9 9 10 13 14 12 6 3 3 4 6 6 6 6 6
8 8 7 6 4 5 8 11 13 15 15 11 5 0 0 1 2 1 0 0 1 4 16 45 89 112 89 39 22 76 177 233 199 109 36 13 4 1 0 2 4 4 5 5 4 4 3 3 4 4 5 7 7 5 1 2 10 24 31 27 15 6 3 2 2 3 3 4 3 2 2 4 7 10 13 16 20 25 32 35 33 27 21 18 16 14 12 9 7 5 3 3 3 5 6 6
13 13 8 4 0 3 6 9 11 13 14 11 4 0 0 3 4 3 0 0 3 8 21 46 83 101 79 32 16 63 152 203 178 107 47 24 10 2 0 2 4 5 5 5 5 4 4 4 4 4 4 4 4 3 2 4 11 22 28 24 12 4 2 3 4 4 4 4 3 2 2 5 10 13 9 2 1 12 33 46 45 36 27 23 19 15 13 11 10 7 3 1 2 5 8 8
